====================================================================================================
RL TRAINING LOG
====================================================================================================

Training Period: Episodes 2000 to 3008
Total Episodes: 1009

EPISODE-BY-EPISODE P&L TRENDS
----------------------------------------------------------------------------------------------------
Episode    P&L             Reward          Loss            Steps     
----------------------------------------------------------------------------------------------------
2000       $49.75          188.48          0.176637        5000      
2001       $-221.00        130.21          0.159484        5000      
2002       $-1268.25       -1315.48        0.061832        5000      
2003       $140.25         169.80          0.019660        5000      
2004       $1385.25        1411.90         0.005861        5000      
2005       $647.00         920.63          0.002037        5000      
2006       $423.25         666.98          0.002185        5000      
2007       $276.25         1153.65         0.002461        5000      
2008       $278.75         597.53          0.001851        5000      
2009       $271.00         584.77          0.002308        5000      
2010       $922.00         1189.45         0.002463        5000      
2011       $1111.50        1365.95         0.002014        5000      
2012       $-885.50        -528.60         0.002256        5000      
2013       $-824.00        -529.46         0.002044        5000      
2014       $-1072.50       -273.21         0.002208        5000      
2015       $-829.75        -300.69         0.002478        5000      
2016       $-1930.00       -106.57         0.002066        4562      
2017       $-474.00        93.44           0.001922        5000      
2018       $-546.00        -571.94         0.008757        5000      
2019       $1280.00        1379.63         0.001961        5000      
2020       $-1959.75       -338.76         0.001626        5000      
2021       $907.25         1219.27         0.001856        5000      
2022       $-1469.00       -473.66         0.006538        5000      
2023       $-1113.25       -676.38         0.003475        5000      
2024       $1043.75        1276.45         0.005981        5000      
2025       $-64.00         253.00          0.006017        5000      
2026       $29.25          311.02          0.001905        5000      
2027       $-615.50        -207.54         0.002483        5000      
2028       $-495.00        308.56          0.002042        5000      
2029       $-435.75        110.49          0.004219        5000      
2030       $352.75         486.52          0.005257        5000      
2031       $-794.00        -602.04         0.002832        5000      
2032       $746.75         921.47          0.002083        5000      
2033       $-169.25        260.80          0.001907        5000      
2034       $-800.25        -280.32         0.002214        5000      
2035       $1046.25        1206.40         0.002278        5000      
2036       $440.75         885.33          0.001882        5000      
2037       $-391.25        186.37          0.002135        5000      
2038       $442.75         654.54          0.002450        5000      
2039       $-751.25        -319.27         0.002193        5000      
2040       $-318.25        8.65            0.001956        5000      
2041       $293.75         317.13          0.001017        5000      
2042       $-847.75        -334.37         0.001023        5000      
2043       $-1604.50       -1403.29        0.001909        5000      
2044       $1231.50        1306.42         0.002015        5000      
2045       $-240.75        -11.47          0.001964        5000      
2046       $-1422.25       -584.91         0.001394        5000      
2047       $379.00         423.99          0.002099        5000      
2048       $-386.25        -16.42          0.002215        5000      
2049       $-51.00         264.29          0.001543        5000      
2050       $-82.75         422.64          0.001495        5000      
2051       $675.50         1331.92         0.002153        5000      
2052       $909.25         1449.37         0.002754        5000      
2053       $-389.25        6.18            0.001441        5000      
2054       $883.75         1257.08         0.001206        5000      
2055       $-121.50        437.43          0.001688        5000      
2056       $-1647.50       -949.33         0.002676        5000      
2057       $-931.00        -699.40         0.002113        5000      
2058       $534.75         539.90          0.001848        5000      
2059       $-1169.25       -639.35         0.001754        5000      
2060       $-50.00         1266.34         0.002408        5000      
2061       $-1272.75       -418.26         0.002142        5000      
2062       $-1446.00       -634.57         0.002052        5000      
2063       $-609.00        -38.10          0.001518        5000      
2064       $-92.50         -105.14         0.001805        5000      
2065       $-413.50        -414.87         0.003936        5000      
2066       $665.00         696.88          0.002789        5000      
2067       $188.75         439.64          0.002449        5000      
2068       $-278.25        241.07          0.001732        5000      
2069       $379.00         993.57          0.001487        5000      
2070       $-308.25        -221.79         0.001955        5000      
2071       $131.25         620.69          0.001928        5000      
2072       $-1702.75       -1270.15        0.001878        5000      
2073       $-320.50        19.47           0.002168        5000      
2074       $160.00         245.50          0.001353        5000      
2075       $-310.75        -226.22         0.002174        5000      
2076       $1054.75        1199.19         0.002010        5000      
2077       $-1827.50       -1319.78        0.001874        5000      
2078       $-12.25         619.21          0.001932        5000      
2079       $-947.75        -16.48          0.002200        5000      
2080       $885.75         1371.51         0.000856        5000      
2081       $-1336.50       -696.72         0.000840        5000      
2082       $290.75         573.47          0.001948        5000      
2083       $1066.25        1451.54         0.001734        5000      
2084       $-36.75         740.23          0.001957        5000      
2085       $-13.00         144.51          0.001880        5000      
2086       $-1622.25       -1243.59        0.002286        5000      
2087       $787.00         919.99          0.001611        5000      
2088       $-380.50        -575.24         0.001428        5000      
2089       $-7.75          324.05          0.001888        5000      
2090       $1191.50        1247.79         0.001475        5000      
2091       $-914.50        -538.16         0.001894        5000      
2092       $630.25         1364.01         0.001908        5000      
2093       $-293.25        5.33            0.001697        5000      
2094       $132.25         743.26          0.001330        5000      
2095       $43.50          179.67          0.001107        5000      
2096       $-54.50         262.49          0.002013        5000      
2097       $233.50         433.01          0.001926        5000      
2098       $257.25         590.87          0.001592        5000      
2099       $193.00         357.85          0.002052        5000      
2100       $-413.75        385.80          0.002253        5000      
2101       $-203.25        239.34          0.002022        5000      
2102       $355.50         445.75          0.002078        5000      
2103       $-902.00        -406.13         0.001986        5000      
2104       $368.75         600.71          0.001998        5000      
2105       $163.50         2.74            0.002086        5000      
2106       $-342.75        151.58          0.002026        5000      
2107       $-56.00         88.70           0.002829        5000      
2108       $1158.50        1390.64         0.002306        5000      
2109       $-38.25         69.29           0.002119        5000      
2110       $-479.00        -418.47         0.001771        5000      
2111       $-923.75        -526.63         0.002140        5000      
2112       $-608.50        -263.68         0.002289        5000      
2113       $-814.25        -800.90         0.001619        5000      
2114       $-602.50        213.23          0.002313        5000      
2115       $573.00         679.87          0.002341        5000      
2116       $-6.75          560.12          0.001794        5000      
2117       $750.00         855.84          0.001690        5000      
2118       $-1774.50       -411.16         0.001829        5000      
2119       $413.25         924.71          0.001684        5000      
2120       $-612.50        -289.89         0.001696        5000      
2121       $858.00         1279.79         0.002157        5000      
2122       $-159.50        436.34          0.001911        5000      
2123       $738.50         1294.04         0.002057        5000      
2124       $-289.00        140.40          0.002531        5000      
2125       $-974.50        -647.88         0.002370        5000      
2126       $424.25         612.53          0.001997        5000      
2127       $-184.25        456.38          0.002107        5000      
2128       $548.50         1367.91         0.001804        5000      
2129       $300.50         723.92          0.002443        5000      
2130       $-386.50        -25.07          0.001897        5000      
2131       $482.25         630.03          0.001368        5000      
2132       $1111.25        1323.77         0.001446        5000      
2133       $-158.75        271.72          0.002159        5000      
2134       $-193.75        383.92          0.002298        5000      
2135       $574.00         755.59          0.001977        5000      
2136       $-688.75        -322.96         0.002084        5000      
2137       $-1536.50       -1368.00        0.001784        5000      
2138       $0.00           0.00            0.001735        5000      
2139       $-695.00        -768.54         0.001095        5000      
2140       $-149.50        -158.89         0.001141        5000      
2141       $327.00         283.11          0.002281        5000      
2142       $-640.75        -609.71         0.001914        5000      
2143       $-344.00        -360.10         0.001389        5000      
2144       $-392.75        -492.30         0.001884        5000      
2145       $-1326.00       -1358.85        0.002072        5000      
2146       $545.00         445.02          0.002101        5000      
2147       $-263.00        -222.98         0.002295        5000      
2148       $-999.50        -565.31         0.001909        5000      
2149       $-1677.00       -66.31          0.002604        5000      
2150       $309.75         447.62          0.001250        5000      
2151       $46.50          54.80           0.000978        5000      
2152       $-250.75        63.06           0.002070        5000      
2153       $-360.00        -241.10         0.002084        5000      
2154       $-1181.25       -491.26         0.001985        5000      
2155       $484.00         524.11          0.001700        5000      
2156       $90.00          394.98          0.001617        5000      
2157       $-304.75        213.16          0.001867        5000      
2158       $-765.00        -377.40         0.002173        5000      
2159       $1046.25        1265.07         0.001956        5000      
2160       $-108.00        262.41          0.002244        5000      
2161       $-1700.75       -978.07         0.001768        5000      
2162       $-1538.75       437.84          0.001676        3276      
2163       $-2239.75       -1366.19        0.002389        5000      
2164       $122.75         187.67          0.002574        5000      
2165       $16.75          501.70          0.001557        5000      
2166       $214.00         422.26          0.002060        5000      
2167       $-850.75        -8.75           0.001833        5000      
2168       $7.25           246.95          0.000961        5000      
2169       $-378.75        -2.72           0.005313        5000      
2170       $-8.50          -5.43           0.001056        5000      
2171       $-347.00        622.69          0.296309        5000      
2172       $-368.75        -309.46         0.182767        5000      
2173       $67.00          105.37          0.016508        5000      
2174       $-126.00        -118.76         0.005481        5000      
2175       $307.00         327.36          0.003167        5000      
2176       $333.50         353.16          0.002941        5000      
2177       $696.00         1240.44         0.008672        5000      
2178       $236.50         306.82          0.002883        5000      
2179       $18.50          333.13          0.002288        5000      
2180       $364.50         529.04          0.004234        5000      
2181       $-2061.00       -1211.27        0.002828        5000      
2182       $-804.25        -305.00         0.002156        5000      
2183       $-195.25        -190.09         0.002808        5000      
2184       $-198.50        -206.30         0.001911        5000      
2185       $490.00         612.55          0.003573        5000      
2186       $15.25          1213.58         0.002914        5000      
2187       $-155.00        -13.56          0.001736        5000      
2188       $-3277.75       -1306.88        0.001767        4147      
2189       $-2002.00       -24.27          0.001798        4565      
2190       $-329.75        -434.54         0.001418        5000      
2191       $-237.00        -262.97         0.001623        5000      
2192       $-262.00        -307.00         0.002080        5000      
2193       $-307.00        -269.44         0.002256        5000      
2194       $-139.50        -125.20         0.002358        5000      
2195       $-2910.25       -1381.75        0.002629        5000      
2196       $-406.50        -366.74         0.003053        5000      
2197       $582.25         662.28          0.002548        5000      
2198       $-270.75        -230.48         0.002187        5000      
2199       $1407.00        1379.92         0.001859        5000      
2200       $-2002.00       -23.04          0.001494        1047      
2201       $-31.25         486.25          0.001646        5000      
2202       $-418.00        -388.06         0.002019        5000      
2203       $-2130.25       -159.99         0.002385        1510      
2204       $-1107.25       -756.66         0.002501        5000      
2205       $-994.25        -535.20         0.002813        5000      
2206       $-381.00        -206.98         0.002307        5000      
2207       $-151.25        -53.21          0.002427        5000      
2208       $-470.75        -382.99         0.002244        5000      
2209       $-1268.00       -1229.71        0.002456        5000      
2210       $1454.25        1438.59         0.002761        5000      
2211       $201.00         265.48          0.001770        5000      
2212       $-173.00        581.14          0.001746        5000      
2213       $383.50         633.38          0.002000        5000      
2214       $53.50          287.25          0.001992        5000      
2215       $-74.50         -30.50          0.002048        5000      
2216       $-1438.50       -564.99         0.002017        5000      
2217       $612.00         766.95          0.001884        5000      
2218       $-1691.75       -1286.74        0.002046        5000      
2219       $-920.25        707.63          0.001905        5000      
2220       $-11.50         7.27            0.002000        5000      
2221       $25.25          5.90            0.001229        5000      
2222       $-1664.75       -1225.14        0.003887        5000      
2223       $310.00         318.44          0.001601        5000      
2224       $-533.75        1307.51         0.001754        5000      
2225       $258.25         260.90          0.001569        5000      
2226       $-430.25        34.02           0.004147        5000      
2227       $1130.50        1045.78         0.003282        5000      
2228       $-1481.50       -746.28         0.002287        5000      
2229       $618.00         914.76          0.002279        5000      
2230       $-310.25        -30.57          0.002362        5000      
2231       $-1712.25       171.97          0.002440        5000      
2232       $-1572.75       -393.51         0.001933        5000      
2233       $-540.50        -572.76         0.001605        5000      
2234       $-489.50        -440.08         0.001843        5000      
2235       $-421.75        -15.86          0.002072        5000      
2236       $318.50         796.73          0.002071        5000      
2237       $630.50         695.33          0.001909        5000      
2238       $-1192.25       387.74          0.002157        5000      
2239       $-1472.75       505.36          0.003113        1531      
2240       $99.25          152.91          0.003010        5000      
2241       $-2760.50       -1251.09        0.002995        5000      
2242       $-1054.00       -374.00         0.001834        5000      
2243       $-57.00         60.47           0.002166        5000      
2244       $818.50         1389.72         0.002903        5000      
2245       $-820.25        1149.15         0.001135        941       
2246       $195.00         221.97          0.002006        5000      
2247       $748.75         1207.00         0.003022        5000      
2248       $179.50         1192.92         0.002189        5000      
2249       $-2247.75       -1204.88        0.002014        5000      
2250       $-107.00        -6.51           0.002266        5000      
2251       $234.00         390.31          0.000902        5000      
2252       $-1614.00       -1438.36        0.001162        5000      
2253       $-1200.75       -999.66         0.001915        5000      
2254       $-461.75        -475.37         0.001751        5000      
2255       $4.25           296.52          0.002257        5000      
2256       $-246.00        205.44          0.001860        5000      
2257       $-826.00        238.97          0.002049        5000      
2258       $221.50         269.98          0.001587        5000      
2259       $-1042.00       -119.45         0.002513        5000      
2260       $-1497.50       -698.98         0.002180        5000      
2261       $-1865.00       -631.19         0.002160        5000      
2262       $-114.50        149.49          0.002256        5000      
2263       $416.50         514.58          0.002710        5000      
2264       $-3099.75       -1360.57        0.002264        5000      
2265       $73.00          86.53           0.002052        5000      
2266       $-86.00         -55.70          0.001387        5000      
2267       $335.00         391.63          0.002605        5000      
2268       $-287.00        -331.68         0.002471        5000      
2269       $206.25         339.48          0.002587        5000      
2270       $1239.50        1284.05         0.001816        5000      
2271       $-348.25        -62.23          0.002017        5000      
2272       $-1465.00       -936.35         0.001502        5000      
2273       $51.25          470.77          0.001743        5000      
2274       $338.50         452.95          0.001796        5000      
2275       $463.25         729.07          0.001955        5000      
2276       $701.75         951.53          0.002104        5000      
2277       $-1534.25       -407.11         0.002201        5000      
2278       $-882.00        703.14          0.002191        5000      
2279       $-315.50        -160.06         0.002154        5000      
2280       $-1140.25       -288.67         0.002012        5000      
2281       $598.75         609.77          0.002165        5000      
2282       $440.00         1433.03         0.001869        5000      
2283       $394.50         466.08          0.002151        5000      
2284       $79.50          619.43          0.001937        5000      
2285       $-85.50         148.53          0.001939        5000      
2286       $-129.00        161.87          0.002033        5000      
2287       $-730.50        -724.84         0.002145        5000      
2288       $139.50         -340.16         0.001714        5000      
2289       $627.75         681.31          0.002419        5000      
2290       $1315.75        1315.22         0.001845        5000      
2291       $273.50         275.42          0.001847        5000      
2292       $-366.50        -453.26         0.002250        5000      
2293       $-700.75        -675.63         0.002149        5000      
2294       $-432.50        -410.07         0.002580        5000      
2295       $-806.50        -831.82         0.002078        5000      
2296       $-984.00        -491.60         0.001983        5000      
2297       $-1205.00       -1232.00        0.001775        5000      
2298       $98.50          329.01          0.001913        5000      
2299       $1269.75        1350.52         0.001408        5000      
2300       $-1802.25       -1275.50        0.001472        5000      
2301       $347.25         412.70          0.001880        5000      
2302       $348.00         257.45          0.002256        5000      
2303       $-1748.25       -1253.73        0.002317        5000      
2304       $-2078.00       -1220.48        0.001693        5000      
2305       $340.50         382.80          0.002324        5000      
2306       $-550.75        -443.91         0.001758        5000      
2307       $622.50         635.35          0.001481        5000      
2308       $-1088.00       -529.67         0.002127        5000      
2309       $274.00         327.32          0.002219        5000      
2310       $-203.00        141.85          0.001827        5000      
2311       $169.25         425.32          0.002068        5000      
2312       $-847.75        -581.92         0.002171        5000      
2313       $-55.50         327.51          0.002563        5000      
2314       $1199.50        1196.78         0.001928        5000      
2315       $360.25         678.90          0.001818        5000      
2316       $830.50         1249.69         0.002297        5000      
2317       $-353.50        -293.12         0.002193        5000      
2318       $-1515.25       -1178.74        0.001748        5000      
2319       $-535.00        -491.32         0.002093        5000      
2320       $-7.50          -22.33          0.001735        5000      
2321       $-299.50        -311.58         0.001046        5000      
2322       $-548.50        -603.59         0.001480        5000      
2323       $-1078.75       -584.62         0.002069        5000      
2324       $-234.75        -154.15         0.001755        5000      
2325       $-1262.75       -1266.76        0.002311        5000      
2326       $-6.50          19.60           0.002498        5000      
2327       $-385.00        -249.65         0.001476        5000      
2328       $-1485.50       -1421.40        0.001462        5000      
2329       $-64.75         353.14          0.002056        5000      
2330       $-859.00        -831.45         0.002082        5000      
2331       $-786.75        -517.81         0.001869        5000      
2332       $963.75         1002.00         0.001696        5000      
2333       $694.25         1042.10         0.001910        5000      
2334       $-379.00        160.80          0.002164        5000      
2335       $321.50         527.96          0.002124        5000      
2336       $-434.75        -310.67         0.001714        5000      
2337       $-539.75        -524.68         0.002411        5000      
2338       $-1040.75       -703.11         0.001909        5000      
2339       $-281.25        -226.45         0.002117        5000      
2340       $-315.25        -184.68         0.001870        5000      
2341       $-225.25        124.78          0.002984        5000      
2342       $-867.75        -287.67         0.002030        5000      
2343       $195.75         411.29          0.002071        5000      
2344       $-539.00        -373.88         0.002174        5000      
2345       $-528.50        603.75          0.002220        5000      
2346       $827.50         1397.64         0.002233        5000      
2347       $-38.00         15.33           0.002052        5000      
2348       $366.50         1446.79         0.001523        5000      
2349       $-793.75        -224.72         0.001385        5000      
2350       $567.25         1173.04         0.002275        5000      
2351       $710.25         1435.62         0.002027        5000      
2352       $-388.75        20.45           0.001931        5000      
2353       $-183.25        287.66          0.001429        5000      
2354       $-918.00        -742.73         0.001892        5000      
2355       $140.25         306.98          0.002002        5000      
2356       $-139.00        -2.40           0.001939        5000      
2357       $439.25         525.58          0.001042        5000      
2358       $973.25         1085.85         0.001069        5000      
2359       $-209.00        525.07          0.002041        5000      
2360       $245.25         216.69          0.002319        5000      
2361       $-133.50        1214.63         0.001958        5000      
2362       $-614.50        360.53          0.002197        5000      
2363       $899.75         996.33          0.002703        5000      
2364       $1228.00        1349.83         0.002071        5000      
2365       $223.75         278.83          0.001764        5000      
2366       $164.75         122.65          0.002428        5000      
2367       $-311.00        -47.52          0.002135        5000      
2368       $-869.75        -234.13         0.003494        5000      
2369       $882.75         973.24          0.001903        5000      
2370       $-15.00         1443.34         0.001578        5000      
2371       $-772.25        -397.78         0.002569        5000      
2372       $64.50          1214.18         0.001763        5000      
2373       $-556.25        -215.61         0.002172        5000      
2374       $970.00         1412.05         0.002103        5000      
2375       $715.50         955.31          0.001504        5000      
2376       $41.25          607.00          0.001846        5000      
2377       $-183.75        382.34          0.001829        5000      
2378       $-877.75        457.99          0.002209        5000      
2379       $406.75         772.85          0.001805        5000      
2380       $459.00         527.92          0.001957        5000      
2381       $511.50         531.71          0.003132        5000      
2382       $238.50         248.99          0.002272        5000      
2383       $-41.25         -18.18          0.002223        5000      
2384       $-794.75        -511.99         0.002033        5000      
2385       $481.75         469.49          0.001550        5000      
2386       $-311.00        -59.90          0.001937        5000      
2387       $-2004.50       -27.45          0.002125        2632      
2388       $-992.00        -179.63         0.002765        5000      
2389       $-16.25         1191.23         0.002989        5000      
2390       $-331.00        1348.84         0.001462        5000      
2391       $316.50         347.39          0.001427        5000      
2392       $-1378.75       -409.38         0.001864        5000      
2393       $304.00         467.95          0.001723        5000      
2394       $-2311.00       -339.31         0.002360        4444      
2395       $84.00          274.39          0.001989        5000      
2396       $-149.25        220.92          0.001960        5000      
2397       $-1624.75       -6.48           0.002186        5000      
2398       $-515.00        244.27          0.001265        5000      
2399       $-1164.25       -997.15         0.001448        5000      
2400       $-797.00        -571.92         0.002628        5000      
2401       $-1367.75       -1359.74        0.002257        5000      
2402       $-540.00        -491.51         0.002137        5000      
2403       $-1191.50       -1168.52        0.001707        5000      
2404       $-1225.00       -1263.79        0.002080        5000      
2405       $-741.00        -929.06         0.002657        5000      
2406       $661.00         717.86          0.002292        5000      
2407       $-436.50        -303.64         0.002235        5000      
2408       $478.00         676.48          0.002297        5000      
2409       $-922.25        -334.94         0.001849        5000      
2410       $455.50         603.22          0.001788        5000      
2411       $-244.75        1232.39         0.002125        5000      
2412       $-422.75        481.07          0.001960        5000      
2413       $-134.75        291.17          0.001982        5000      
2414       $-3.50          305.78          0.002122        5000      
2415       $325.50         616.73          0.002260        5000      
2416       $-1727.75       -1282.31        0.001969        5000      
2417       $-729.25        -682.77         0.001807        5000      
2418       $-2517.00       -541.88         0.001619        3534      
2419       $-730.25        -336.19         0.002213        5000      
2420       $-1492.00       -585.92         0.002640        5000      
2421       $-1943.25       -586.98         0.001631        5000      
2422       $-517.00        710.98          0.002051        5000      
2423       $-109.75        238.68          0.001849        5000      
2424       $-1479.50       -1166.12        0.001753        5000      
2425       $-389.50        -54.88          0.002277        5000      
2426       $-771.25        125.06          0.001742        5000      
2427       $-271.25        129.69          0.002438        5000      
2428       $251.75         666.61          0.002607        5000      
2429       $-1601.75       -44.10          0.002276        5000      
2430       $-614.00        540.81          0.001775        5000      
2431       $-254.50        -53.73          0.001763        5000      
2432       $-990.75        319.36          0.000928        5000      
2433       $-1060.25       -698.80         0.000981        5000      
2434       $-2223.25       -1420.86        0.001881        5000      
2435       $-24.25         267.60          0.004814        5000      
2436       $-870.00        366.75          0.002589        5000      
2437       $-811.75        -532.53         0.001959        5000      
2438       $-311.75        579.29          0.002195        5000      
2439       $-2051.75       -1187.01        0.001946        5000      
2440       $-980.25        -726.05         0.001621        5000      
2441       $-1560.50       -909.95         0.002063        5000      
2442       $-1403.50       -1576.75        0.001976        5000      
2443       $174.50         455.88          0.001888        5000      
2444       $-2321.50       -563.35         0.002405        5000      
2445       $732.50         736.35          0.002378        5000      
2446       $-127.50        555.97          0.001863        5000      
2447       $956.25         1284.09         0.002213        5000      
2448       $537.50         1279.62         0.002031        5000      
2449       $86.00          531.29          0.001870        5000      
2450       $-400.00        -118.29         0.001933        5000      
2451       $-696.75        303.27          0.002034        5000      
2452       $10.00          245.74          0.001898        5000      
2453       $-587.00        47.35           0.002065        5000      
2454       $-486.25        -292.16         0.001704        5000      
2455       $817.50         877.43          0.001608        5000      
2456       $-285.25        -60.44          0.001704        5000      
2457       $449.75         448.76          0.001650        5000      
2458       $790.00         825.04          0.001874        5000      
2459       $-1012.50       -592.43         0.001643        5000      
2460       $102.00         330.50          0.001638        5000      
2461       $-461.50        -257.03         0.002113        5000      
2462       $308.75         489.84          0.002120        5000      
2463       $870.00         890.91          0.001859        5000      
2464       $-1030.50       -501.97         0.001956        5000      
2465       $-1162.00       397.61          0.001745        5000      
2466       $-1668.50       -1242.23        0.002076        5000      
2467       $-272.50        158.05          0.002341        5000      
2468       $230.25         456.09          0.002076        5000      
2469       $415.75         651.43          0.001955        5000      
2470       $-418.75        163.09          0.001099        5000      
2471       $118.75         169.00          0.002121        5000      
2472       $859.50         924.79          0.001936        5000      
2473       $-1270.25       -1200.66        0.001659        5000      
2474       $749.00         822.38          0.002179        5000      
2475       $-1549.50       -637.00         0.001526        5000      
2476       $-473.00        -392.46         0.001569        5000      
2477       $-601.50        -541.65         0.002135        5000      
2478       $390.75         470.02          0.001891        5000      
2479       $-128.75        8.08            0.002120        5000      
2480       $-109.00        23.32           0.000888        5000      
2481       $-209.00        -87.24          0.002370        5000      
2482       $264.00         727.24          0.002316        5000      
2483       $-1699.00       -1332.10        0.002153        5000      
2484       $923.50         1455.99         0.002055        5000      
2485       $955.00         1242.31         0.002082        5000      
2486       $-207.75        405.13          0.002045        5000      
2487       $913.50         1399.28         0.001899        5000      
2488       $-480.75        -459.89         0.002192        5000      
2489       $764.75         1200.21         0.001630        5000      
2490       $826.50         824.61          0.001476        5000      
2491       $-249.25        -182.22         0.002042        5000      
2492       $1275.00        1292.78         0.001650        5000      
2493       $1183.25        1247.16         0.001707        5000      
2494       $-947.50        -436.18         0.002593        5000      
2495       $370.25         628.45          0.001830        5000      
2496       $-426.00        637.29          0.002097        5000      
2497       $773.75         1246.52         0.001882        5000      
2498       $-1610.75       -462.08         0.002055        5000      
2499       $393.50         451.28          0.002118        5000      
2500       $563.50         462.05          0.002012        5000      
2501       $-178.25        444.40          0.001971        5000      
2502       $-1486.25       -1101.90        0.002328        5000      
2503       $-242.75        24.87           0.001786        5000      
2504       $-205.00        -206.39         0.000893        5000      
2505       $-1431.75       -1411.25        0.001012        5000      
2506       $-674.75        -638.76         0.002161        5000      
2507       $-537.25        -258.32         0.001989        5000      
2508       $-949.00        -360.14         0.002073        5000      
2509       $-1445.00       -552.61         0.002239        5000      
2510       $-684.25        -638.86         0.002242        5000      
2511       $-676.00        -564.14         0.002357        5000      
2512       $-678.00        -683.50         0.001969        5000      
2513       $-433.75        -297.03         0.001896        5000      
2514       $-1100.00       -133.91         0.002331        5000      
2515       $179.75         349.34          0.002511        5000      
2516       $-1646.50       -1303.72        0.002509        5000      
2517       $-1408.00       -1268.43        0.001839        5000      
2518       $-1241.75       -708.70         0.002235        5000      
2519       $647.00         1163.98         0.002345        5000      
2520       $-1034.00       -664.55         0.002103        5000      
2521       $442.50         612.24          0.001898        5000      
2522       $-1860.00       -692.69         0.001657        5000      
2523       $-1876.25       -459.26         0.001980        5000      
2524       $-1972.25       -22.69          0.001749        5000      
2525       $364.00         590.78          0.000992        5000      
2526       $224.75         768.07          0.001137        5000      
2527       $-28.25         518.40          0.001574        5000      
2528       $-446.50        -414.21         0.001822        5000      
2529       $-1522.25       -1165.06        0.002238        5000      
2530       $537.00         533.24          0.001564        5000      
2531       $311.00         505.50          0.002021        5000      
2532       $-1797.50       -1396.22        0.002078        5000      
2533       $804.75         879.81          0.002014        5000      
2534       $281.50         674.50          0.001878        5000      
2535       $506.25         668.19          0.001863        5000      
2536       $-238.75        246.25          0.002382        5000      
2537       $24.25          249.05          0.002091        5000      
2538       $-573.50        -438.33         0.001542        5000      
2539       $881.00         1037.69         0.002248        5000      
2540       $1212.25        1296.36         0.001825        5000      
2541       $226.25         325.66          0.002448        5000      
2542       $377.00         331.50          0.001907        5000      
2543       $1249.75        1065.09         0.002083        5000      
2544       $34.50          158.57          0.001956        5000      
2545       $-558.75        -472.42         0.001338        5000      
2546       $-699.25        -682.29         0.000777        5000      
2547       $-531.25        44.76           0.001837        5000      
2548       $-746.50        -720.49         0.001354        5000      
2549       $-502.50        -249.67         0.001521        5000      
2550       $-540.25        -428.83         0.002095        5000      
2551       $-5.50          0.41            0.002201        5000      
2552       $-349.00        -279.46         0.000895        5000      
2553       $18.00          27.07           0.001200        5000      
2554       $244.00         183.02          0.001390        5000      
2555       $-2.75          228.01          0.001234        5000      
2556       $1172.50        1209.19         0.001834        5000      
2557       $1438.00        1428.15         0.001504        5000      
2558       $-335.00        -290.15         0.001510        5000      
2559       $1067.50        1308.07         0.001908        5000      
2560       $-1143.00       -1113.48        0.002277        5000      
2561       $399.75         512.42          0.002094        5000      
2562       $1347.00        1633.43         0.001896        5000      
2563       $461.00         537.90          0.001853        5000      
2564       $-675.25        -268.70         0.002496        5000      
2565       $328.00         607.19          0.001722        5000      
2566       $-1415.50       341.97          0.002380        5000      
2567       $62.75          547.72          0.001920        5000      
2568       $262.00         517.57          0.002302        5000      
2569       $678.75         717.01          0.002150        5000      
2570       $548.75         562.77          0.001802        5000      
2571       $1251.50        1082.38         0.001908        5000      
2572       $238.00         246.74          0.001721        5000      
2573       $-534.25        -757.62         0.002346        5000      
2574       $655.50         684.11          0.002183        5000      
2575       $-1133.00       -534.34         0.001815        5000      
2576       $-2114.50       -1246.69        0.002210        5000      
2577       $-2546.75       -569.94         0.001599        2365      
2578       $312.00         1224.96         0.002430        5000      
2579       $662.25         1356.87         0.002514        5000      
2580       $372.75         568.50          0.002076        5000      
2581       $-211.75        309.21          0.001890        5000      
2582       $401.50         444.74          0.002243        5000      
2583       $1091.25        1219.69         0.001761        5000      
2584       $-1001.75       -609.58         0.002651        5000      
2585       $1312.75        1540.22         0.001827        5000      
2586       $178.50         246.24          0.001825        5000      
2587       $-530.50        -532.98         0.002334        5000      
2588       $-334.25        -59.91          0.001693        5000      
2589       $-1175.50       -2.44           0.001779        5000      
2590       $1000.75        1151.43         0.002135        5000      
2591       $-547.00        191.20          0.001169        5000      
2592       $378.50         661.60          0.002022        5000      
2593       $1222.75        1114.60         0.002102        5000      
2594       $-269.25        22.43           0.001847        5000      
2595       $671.50         722.87          0.001506        5000      
2596       $1380.25        1391.86         0.001731        5000      
2597       $257.75         283.28          0.001888        5000      
2598       $178.50         156.36          0.001745        5000      
2599       $6.50           377.22          0.001888        5000      
2600       $-645.25        -299.10         0.002230        5000      
2601       $-953.75        -429.62         0.001867        5000      
2602       $-299.00        -311.90         0.001839        5000      
2603       $-980.25        -725.71         0.002152        5000      
2604       $-329.00        -261.64         0.001998        5000      
2605       $738.25         812.84          0.002169        5000      
2606       $-1079.00       -7.67           0.001522        5000      
2607       $-366.75        -185.05         0.001130        5000      
2608       $-271.75        130.21          0.001188        5000      
2609       $-736.50        -650.27         0.002167        5000      
2610       $222.50         282.56          0.001906        5000      
2611       $901.75         930.50          0.002250        5000      
2612       $531.00         766.65          0.001809        5000      
2613       $1211.50        1474.17         0.001758        5000      
2614       $828.50         907.88          0.002136        5000      
2615       $1325.50        1238.96         0.002057        5000      
2616       $641.75         747.36          0.002303        5000      
2617       $1422.75        1546.43         0.002280        5000      
2618       $-723.75        -657.50         0.002271        5000      
2619       $302.75         355.86          0.002277        5000      
2620       $-578.00        -576.47         0.001813        5000      
2621       $-266.50        -273.21         0.001995        5000      
2622       $529.75         519.50          0.001789        5000      
2623       $1176.00        1075.59         0.001818        5000      
2624       $-1614.00       -1378.33        0.001848        5000      
2625       $455.75         443.75          0.002713        5000      
2626       $520.00         522.43          0.001833        5000      
2627       $-456.50        -274.01         0.001903        5000      
2628       $-281.00        -209.20         0.002273        5000      
2629       $517.00         702.63          0.002459        5000      
2630       $-2178.00       -1206.94        0.001866        5000      
2631       $-919.25        -26.52          0.001968        5000      
2632       $-2330.75       -1207.94        0.001145        5000      
2633       $-318.00        -240.79         0.000968        5000      
2634       $-316.75        -280.39         0.002490        5000      
2635       $-381.25        -278.17         0.002443        5000      
2636       $1332.00        1532.78         0.002397        5000      
2637       $-471.50        -245.79         0.001889        5000      
2638       $311.75         1439.96         0.002094        5000      
2639       $-528.00        -424.97         0.002459        5000      
2640       $-591.00        -323.37         0.001822        5000      
2641       $620.25         713.44          0.001843        5000      
2642       $-146.50        266.17          0.001924        5000      
2643       $-1697.00       -1275.59        0.002008        5000      
2644       $-45.75         661.74          0.002028        5000      
2645       $-410.50        1079.84         0.002075        5000      
2646       $-600.75        -746.62         0.001869        5000      
2647       $-676.50        -553.68         0.002010        5000      
2648       $-43.75         -30.63          0.001990        5000      
2649       $-35.25         -8.15           0.000998        5000      
2650       $-675.75        -591.97         0.210700        5000      
2651       $-428.00        -357.73         0.240506        5000      
2652       $100.25         180.02          0.051443        5000      
2653       $0.00           0.00            0.002725        5000      
2654       $1411.00        1403.73         0.002199        5000      
2655       $7.50           40.92           0.005052        5000      
2656       $275.00         361.17          0.002628        5000      
2657       $-735.75        -93.15          0.001313        5000      
2658       $481.25         696.89          0.002223        5000      
2659       $654.00         662.16          0.001895        5000      
2660       $324.75         559.64          0.001998        5000      
2661       $-321.50        -330.53         0.002279        5000      
2662       $-242.50        -159.82         0.002370        5000      
2663       $-377.25        -143.59         0.002126        5000      
2664       $-1267.25       -844.08         0.002308        5000      
2665       $-230.50        -242.45         0.002527        5000      
2666       $-866.50        -904.24         0.002187        5000      
2667       $-645.50        -746.93         0.002155        5000      
2668       $-1206.25       -1192.54        0.002082        5000      
2669       $-155.25        -189.21         0.002119        5000      
2670       $-744.75        -733.32         0.002320        5000      
2671       $-327.00        -268.32         0.001688        5000      
2672       $-956.00        -949.52         0.002138        5000      
2673       $-1360.00       -1438.89        0.002134        5000      
2674       $-9.25          323.17          0.002175        5000      
2675       $-300.25        -224.57         0.001953        5000      
2676       $-1010.50       -977.07         0.002037        5000      
2677       $-716.75        -260.21         0.002579        5000      
2678       $-381.50        -125.53         0.002375        5000      
2679       $634.25         660.01          0.001759        5000      
2680       $267.25         335.68          0.001785        5000      
2681       $654.50         679.06          0.001665        5000      
2682       $528.00         621.71          0.002078        5000      
2683       $1201.00        1112.63         0.002741        5000      
2684       $513.25         766.69          0.002069        5000      
2685       $-100.75        404.85          0.001955        5000      
2686       $526.00         542.26          0.002286        5000      
2687       $654.00         661.87          0.002416        5000      
2688       $-196.50        233.82          0.001814        5000      
2689       $1166.50        1358.16         0.002330        5000      
2690       $-609.25        -748.99         0.001945        5000      
2691       $-19.50         -15.19          0.002202        5000      
2692       $135.75         168.92          0.001097        5000      
2693       $242.75         257.35          0.001794        5000      
2694       $180.00         190.05          0.001906        5000      
2695       $199.50         238.25          0.002406        5000      
2696       $589.50         500.14          0.001891        5000      
2697       $-344.75        -894.64         0.001971        5000      
2698       $722.50         758.24          0.002700        5000      
2699       $1172.50        1120.42         0.002046        5000      
2700       $890.00         967.65          0.001739        5000      
2701       $1212.50        1226.32         0.001897        5000      
2702       $92.00          157.09          0.002219        5000      
2703       $278.75         297.47          0.002318        5000      
2704       $162.00         231.55          0.001570        5000      
2705       $418.75         409.37          0.002058        5000      
2706       $1183.00        1136.28         0.002280        5000      
2707       $-965.75        -565.22         0.002839        5000      
2708       $550.50         689.32          0.002402        5000      
2709       $180.75         130.50          0.001873        5000      
2710       $529.75         605.15          0.001886        5000      
2711       $313.25         376.85          0.001676        5000      
2712       $1076.25        1238.98         0.002318        5000      
2713       $641.00         617.09          0.002177        5000      
2714       $-1001.25       367.40          0.001783        5000      
2715       $647.25         698.07          0.002151        5000      
2716       $-595.25        -196.03         0.002591        5000      
2717       $-403.00        -29.51          0.001582        5000      
2718       $-275.00        -114.63         0.001975        5000      
2719       $-1.50          74.27           0.001926        5000      
2720       $-906.75        -660.99         0.001944        5000      
2721       $374.00         357.47          0.002009        5000      
2722       $59.25          413.96          0.002012        5000      
2723       $-1181.50       -1149.77        0.002578        5000      
2724       $232.00         507.47          0.001874        5000      
2725       $364.00         617.77          0.002128        5000      
2726       $361.50         907.43          0.002147        5000      
2727       $-546.00        -151.58         0.001607        5000      
2728       $141.75         145.28          0.002165        5000      
2729       $163.00         325.26          0.002048        5000      
2730       $136.75         526.18          0.002158        5000      
2731       $-581.25        31.03           0.002218        5000      
2732       $-1414.50       -806.90         0.001837        5000      
2733       $-408.75        -364.39         0.001589        5000      
2734       $292.50         305.32          0.002413        5000      
2735       $196.25         245.34          0.002419        5000      
2736       $329.00         421.76          0.001990        5000      
2737       $-174.75        57.89           0.002407        5000      
2738       $-656.75        -287.09         0.002220        5000      
2739       $648.00         684.95          0.002348        5000      
2740       $-218.50        -113.93         0.002173        5000      
2741       $-686.75        -274.98         0.002049        5000      
2742       $137.75         52.80           0.002376        5000      
2743       $-1565.25       -749.16         0.002198        5000      
2744       $459.50         504.71          0.002099        5000      
2745       $-73.00         364.29          0.001744        5000      
2746       $-1026.00       -361.14         0.001901        5000      
2747       $-748.00        -219.02         0.001915        5000      
2748       $-29.00         248.33          0.001712        5000      
2749       $59.25          392.09          0.001978        5000      
2750       $-1048.50       -554.91         0.001825        5000      
2751       $-446.50        381.42          0.002168        5000      
2752       $-1048.50       -311.38         0.002119        5000      
2753       $-434.50        -80.32          0.001743        5000      
2754       $-1262.50       19.81           0.002176        5000      
2755       $1353.50        1466.55         0.002254        5000      
2756       $-53.00         616.28          0.001224        5000      
2757       $1006.25        1164.20         0.001860        5000      
2758       $-1452.50       -20.47          0.002065        5000      
2759       $487.25         683.01          0.001013        5000      
2760       $-353.25        234.10          0.001074        5000      
2761       $174.25         571.73          0.002560        5000      
2762       $-595.75        -582.80         0.002008        5000      
2763       $-1681.00       -446.53         0.002280        5000      
2764       $-987.75        -516.68         0.002148        5000      
2765       $1342.25        1313.14         0.002380        5000      
2766       $116.25         506.31          0.002085        5000      
2767       $89.50          487.69          0.001733        5000      
2768       $896.00         1195.88         0.002365        5000      
2769       $-670.25        -357.33         0.002061        5000      
2770       $546.25         551.04          0.002157        5000      
2771       $622.25         663.18          0.001775        5000      
2772       $-149.50        152.10          0.001928        5000      
2773       $439.00         483.78          0.001866        5000      
2774       $1435.25        1440.89         0.001666        5000      
2775       $-719.50        -633.09         0.001794        5000      
2776       $1035.50        1245.98         0.001866        5000      
2777       $349.50         651.25          0.002367        5000      
2778       $344.00         608.42          0.002329        5000      
2779       $125.75         411.34          0.002008        5000      
2780       $208.25         300.85          0.002480        5000      
2781       $-473.00        -346.54         0.001902        5000      
2782       $89.00          99.43           0.002626        5000      
2783       $270.25         271.69          0.001823        5000      
2784       $573.50         641.64          0.001955        5000      
2785       $-1386.75       -1313.01        0.002087        5000      
2786       $-445.00        -299.71         0.001591        5000      
2787       $-649.50        -655.62         0.001979        5000      
2788       $-541.50        -592.48         0.001876        5000      
2789       $-292.00        -302.85         0.002194        5000      
2790       $-684.00        -670.07         0.002252        5000      
2791       $-295.75        -231.69         0.002498        5000      
2792       $-54.00         -87.48          0.002140        5000      
2793       $-330.00        -396.09         0.001840        5000      
2794       $-403.00        -424.33         0.002085        5000      
2795       $96.00          -69.76          0.002254        5000      
2796       $-55.25         -76.56          0.002176        5000      
2797       $279.75         289.31          0.002544        5000      
2798       $1229.00        1339.52         0.001617        5000      
2799       $935.50         1227.91         0.002152        5000      
2800       $-1018.75       -499.56         0.002195        5000      
2801       $-496.00        -379.18         0.001907        5000      
2802       $299.50         296.17          0.001633        5000      
2803       $-1147.00       -936.27         0.001879        5000      
2804       $-53.00         -69.12          0.001865        5000      
2805       $422.00         903.98          0.001677        5000      
2806       $390.50         692.22          0.001653        5000      
2807       $424.00         576.71          0.002117        5000      
2808       $-421.00        398.32          0.001921        5000      
2809       $-1377.75       -644.68         0.001939        5000      
2810       $-333.50        -291.50         0.002299        5000      
2811       $138.50         299.78          0.001845        5000      
2812       $449.00         511.82          0.001704        5000      
2813       $-1006.75       -563.57         0.001704        5000      
2814       $1442.50        1428.05         0.001549        5000      
2815       $634.00         732.80          0.001515        5000      
2816       $323.00         340.45          0.001927        5000      
2817       $311.75         545.88          0.001970        5000      
2818       $-641.25        -372.66         0.001948        5000      
2819       $-948.25        -643.29         0.001975        5000      
2820       $903.25         848.18          0.001728        5000      
2821       $884.75         907.08          0.001459        5000      
2822       $-973.50        -394.36         0.001645        5000      
2823       $249.50         204.56          0.001673        5000      
2824       $296.00         332.60          0.001881        5000      
2825       $1395.00        1484.86         0.002041        5000      
2826       $-240.50        -229.64         0.002586        5000      
2827       $-729.25        328.26          0.001824        5000      
2828       $-397.50        -330.58         0.002064        5000      
2829       $323.25         630.22          0.001836        5000      
2830       $311.00         337.05          0.001666        5000      
2831       $-363.50        -272.37         0.002036        5000      
2832       $-208.75        237.42          0.002013        5000      
2833       $458.00         614.95          0.001854        5000      
2834       $298.00         274.63          0.001910        5000      
2835       $-555.50        -466.13         0.002106        5000      
2836       $-312.50        -248.36         0.002126        5000      
2837       $299.50         311.52          0.001840        5000      
2838       $-1262.75       -1180.95        0.002249        5000      
2839       $1175.25        1410.69         0.001958        5000      
2840       $-95.50         20.67           0.002128        5000      
2841       $1017.25        1267.44         0.001349        5000      
2842       $-5.00          646.54          0.001131        5000      
2843       $-79.00         240.05          0.001859        5000      
2844       $-415.75        -291.19         0.002229        5000      
2845       $351.00         1025.42         0.002277        5000      
2846       $-1129.50       -553.66         0.002910        5000      
2847       $176.00         295.58          0.002340        5000      
2848       $1144.75        1389.37         0.001834        5000      
2849       $-1811.50       -289.79         0.002297        5000      
2850       $404.75         595.59          0.001925        5000      
2851       $-410.25        277.09          0.001997        5000      
2852       $26.25          183.56          0.002107        5000      
2853       $-198.75        20.86           0.001737        5000      
2854       $244.75         442.74          0.001841        5000      
2855       $-506.00        -506.69         0.002239        5000      
2856       $-1186.25       -1140.16        0.001519        5000      
2857       $-581.75        -675.55         0.002227        5000      
2858       $-680.00        -649.97         0.001775        5000      
2859       $-276.50        -408.88         0.002429        5000      
2860       $-509.50        -568.79         0.002567        5000      
2861       $-236.25        -195.48         0.002271        5000      
2862       $-903.50        -24.22          0.002237        5000      
2863       $-320.50        -229.23         0.002393        5000      
2864       $-495.25        -244.10         0.002056        5000      
2865       $-478.25        -412.12         0.002397        5000      
2866       $-1680.50       -254.71         0.001957        5000      
2867       $-764.25        -320.86         0.002507        5000      
2868       $-1287.00       -1374.03        0.002306        5000      
2869       $-699.50        -776.37         0.002434        5000      
2870       $-377.75        -415.97         0.002063        5000      
2871       $-1194.00       -1103.17        0.001866        5000      
2872       $-1301.00       -1321.59        0.002142        5000      
2873       $-262.00        -218.07         0.002037        5000      
2874       $-1257.00       -1197.96        0.002183        5000      
2875       $-368.75        -358.54         0.002199        5000      
2876       $-684.00        -649.63         0.002218        5000      
2877       $-262.50        -226.78         0.002123        5000      
2878       $-333.25        -305.35         0.002337        5000      
2879       $-1277.50       -1256.40        0.002343        5000      
2880       $-3.00          -13.77          0.002233        5000      
2881       $-1193.25       -1253.65        0.001371        5000      
2882       $129.00         -540.91         0.001483        5000      
2883       $-1185.00       -1156.72        0.001957        5000      
2884       $-512.50        -488.98         0.001839        5000      
2885       $325.75         679.86          0.002136        5000      
2886       $-893.00        -427.78         0.001747        5000      
2887       $-1308.00       -658.26         0.002016        5000      
2888       $-271.25        40.21           0.002156        5000      
2889       $-1172.00       -1228.99        0.002413        5000      
2890       $672.50         699.63          0.002222        5000      
2891       $-1168.00       -244.09         0.002086        5000      
2892       $-1302.75       -757.06         0.001663        5000      
2893       $350.75         576.71          0.001637        5000      
2894       $-128.75        -35.77          0.002116        5000      
2895       $895.50         1182.09         0.002213        5000      
2896       $275.50         418.32          0.002116        5000      
2897       $531.25         878.07          0.002172        5000      
2898       $354.50         666.88          0.001839        5000      
2899       $-815.75        -571.23         0.002191        5000      
2900       $337.75         426.24          0.002034        5000      
2901       $-52.75         -0.29           0.002026        5000      
2902       $661.25         692.69          0.001234        5000      
2903       $-831.00        -676.34         0.001418        5000      
2904       $417.00         722.01          0.001972        5000      
2905       $1053.75        1274.04         0.002136        5000      
2906       $188.00         121.97          0.001967        5000      
2907       $843.25         956.14          0.002159        5000      
2908       $398.00         628.39          0.002440        5000      
2909       $-1068.75       -635.58         0.001938        5000      
2910       $-282.25        -502.74         0.001916        5000      
2911       $-415.50        -419.87         0.001753        5000      
2912       $-489.75        -455.81         0.002141        5000      
2913       $-1584.25       -1143.10        0.001859        5000      
2914       $-576.75        -560.28         0.001800        5000      
2915       $-235.50        -193.68         0.002183        5000      
2916       $-588.75        -528.11         0.002739        5000      
2917       $1167.25        1347.17         0.002684        5000      
2918       $-978.25        -354.24         0.001814        5000      
2919       $-197.00        3.03            0.001481        5000      
2920       $-332.50        -324.21         0.001615        5000      
2921       $-320.00        -370.94         0.002174        5000      
2922       $-746.50        -742.23         0.002019        5000      
2923       $-319.25        -295.68         0.002225        5000      
2924       $-30.75         -5.85           0.001957        5000      
2925       $834.50         1177.85         0.002138        5000      
2926       $526.00         917.92          0.001173        5000      
2927       $-1945.00       -1264.32        0.001889        5000      
2928       $-1574.25       -1201.48        0.002236        5000      
2929       $95.25          91.18           0.001633        5000      
2930       $661.75         731.81          0.001762        5000      
2931       $85.75          648.32          0.001848        5000      
2932       $265.00         115.63          0.001879        5000      
2933       $-1096.75       -480.24         0.002150        5000      
2934       $-903.75        -426.89         0.002434        5000      
2935       $185.25         284.13          0.001721        5000      
2936       $318.50         617.73          0.001775        5000      
2937       $-1978.50       -1254.33        0.001990        5000      
2938       $-1227.75       -920.61         0.001927        5000      
2939       $134.75         126.23          0.002470        5000      
2940       $-1290.50       -342.10         0.001766        5000      
2941       $422.50         395.17          0.001875        5000      
2942       $540.25         672.31          0.001831        5000      
2943       $30.75          85.58           0.001846        5000      
2944       $-1203.50       -433.95         0.001168        5000      
2945       $906.50         1242.25         0.001197        5000      
2946       $-375.50        -309.40         0.001687        5000      
2947       $-156.75        421.74          0.001870        5000      
2948       $283.00         674.30          0.001813        5000      
2949       $-1563.25       -629.56         0.002082        5000      
2950       $-1656.50       -572.49         0.001981        5000      
2951       $98.25          631.75          0.001807        5000      
2952       $-229.50        207.99          0.001983        5000      
2953       $-262.00        474.34          0.001968        5000      
2954       $1201.25        1404.53         0.002017        5000      
2955       $-546.00        -388.69         0.001646        5000      
2956       $183.00         167.31          0.001686        5000      
2957       $1401.00        1453.99         0.001868        5000      
2958       $-25.00         238.28          0.001656        5000      
2959       $-1444.75       -1129.28        0.002276        5000      
2960       $311.50         1343.42         0.002116        5000      
2961       $1022.75        1471.43         0.001787        5000      
2962       $491.50         713.74          0.001839        5000      
2963       $187.75         609.24          0.002187        5000      
2964       $-1503.75       -1247.72        0.001693        5000      
2965       $-1541.75       -1325.86        0.001867        5000      
2966       $-692.50        -713.55         0.001760        5000      
2967       $167.75         -94.85          0.002138        5000      
2968       $-228.00        -259.70         0.002221        5000      
2969       $-1237.50       -1226.43        0.002528        5000      
2970       $-1258.50       -1320.66        0.002169        5000      
2971       $-622.75        -589.74         0.002023        5000      
2972       $-396.50        -58.89          0.002162        5000      
2973       $-1472.00       -1435.84        0.002396        5000      
2974       $-22.00         -27.69          0.002191        5000      
2975       $-1590.75       -936.23         0.001007        5000      
2976       $-351.75        -271.92         0.001216        5000      
2977       $-538.50        -572.00         0.002558        5000      
2978       $172.50         60.88           0.002124        5000      
2979       $-1220.00       -1240.91        0.002147        5000      
2980       $250.75         108.87          0.001819        5000      
2981       $-1613.00       -1216.59        0.001724        5000      
2982       $-1028.50       -273.11         0.002013        5000      
2983       $722.50         781.44          0.001738        5000      
2984       $-593.75        24.57           0.002098        5000      
2985       $288.50         571.36          0.001922        5000      
2986       $-25.75         -8.95           0.002076        5000      
2987       $359.75         650.46          0.001135        5000      
2988       $324.25         401.62          0.000907        5000      
2989       $761.25         1178.03         0.001880        5000      
2990       $-285.50        -267.88         0.002527        5000      
2991       $-197.50        -219.76         0.002117        5000      
2992       $301.50         211.51          0.001936        5000      
2993       $-318.50        -357.76         0.002472        5000      
2994       $-212.00        -134.45         0.001812        5000      
2995       $-323.00        -324.14         0.002078        5000      
2996       $-304.50        -364.90         0.002024        5000      
2997       $-1476.75       -1465.06        0.002183        5000      
2998       $77.50          -360.53         0.001805        5000      
2999       $-221.25        -149.84         0.002254        5000      
3000       $-502.50        -347.71         0.002329        5000      
3001       $-655.00        -717.40         0.002769        5000      
3002       $-163.50        15.88           0.001939        5000      
3003       $-1396.75       -514.56         0.001464        5000      
3004       $-1258.25       -1254.38        0.001230        5000      
3005       $383.50         374.64          0.002246        5000      
3006       $-599.75        -441.75         0.001739        5000      
3007       $256.50         372.98          0.001848        5000      
3008       $-1251.50       -571.54         0.001895        5000      

====================================================================================================
SUMMARY STATISTICS
====================================================================================================

First 10 Episodes:
  Avg P&L: $198.22 ± $634.87
  Avg Reward: 450.85 ± 713.79
  Avg Loss: 0.043432

Last 10 Episodes:
  Avg P&L: $-540.85 ± $592.03
  Avg Reward: -323.37 ± 474.56
  Avg Loss: 0.001971

Improvement:
  P&L: $-739.08
  Reward: -774.22
  Loss: +0.041460

====================================================================================================
OVERALL STATISTICS
====================================================================================================
Total Episodes: 1009
Average P&L: $-224.93 ± $806.30
Best P&L: $1454.25
Worst P&L: $-3277.75
Average Reward: 91.09 ± 703.13
Average Loss: 0.003434
