Date,Open,High,Low,Close,Volume
1735050600,16.82,16.82,16.82,16.82,0
1735050605,16.82,16.82,16.82,16.82,0
1735050610,16.82,16.82,16.82,16.82,0
1735050615,16.82,16.82,16.82,16.82,0
1735050620,16.82,16.82,16.82,16.82,0
1735050625,16.82,16.82,16.82,16.82,0
1735050630,16.82,16.82,16.82,16.82,0
1735050635,16.82,16.82,16.82,16.82,0
1735050640,16.82,16.82,16.82,16.82,0
1735050645,16.82,16.82,16.82,16.82,0
1735050650,16.82,16.82,16.82,16.82,0
1735050655,16.82,16.82,16.82,16.82,0
1735050660,16.82,16.82,16.82,16.82,0
1735050665,16.82,16.82,16.82,16.82,0
1735050670,16.82,16.82,16.82,16.82,0
1735050675,16.82,16.82,16.82,16.82,0
1735050680,16.82,16.82,16.82,16.82,0
1735050685,16.82,16.82,16.82,16.82,0
1735050690,16.82,16.82,16.82,16.82,0
1735050695,16.82,16.82,16.82,16.82,0
1735050700,16.82,16.82,16.82,16.82,0
1735050705,16.82,16.82,16.82,16.82,0
1735050710,16.82,16.82,16.82,16.82,0
1735050715,16.82,16.82,16.82,16.82,0
1735050720,16.82,16.82,16.82,16.82,0
1735050725,16.82,16.82,16.82,16.82,0
1735050730,16.82,16.82,16.82,16.82,0
1735050735,16.92,16.92,16.92,16.92,0
1735050740,16.92,16.92,16.92,16.92,0
1735050745,16.92,16.92,16.92,16.92,0
1735050750,16.97,16.97,16.97,16.97,0
1735050755,16.97,16.97,16.97,16.97,0
1735050760,16.97,16.97,16.97,16.97,0
1735050765,16.92,16.92,16.92,16.92,0
1735050770,16.92,16.92,16.92,16.92,0
1735050775,16.92,16.92,16.92,16.92,0
1735050780,16.87,16.87,16.87,16.87,0
1735050785,16.87,16.87,16.87,16.87,0
1735050790,16.87,16.87,16.87,16.87,0
1735050795,16.89,16.89,16.89,16.89,0
1735050800,16.89,16.89,16.89,16.89,0
1735050805,16.89,16.89,16.89,16.89,0
1735050810,16.85,16.85,16.85,16.85,0
1735050815,16.85,16.85,16.85,16.85,0
1735050820,16.85,16.85,16.85,16.85,0
1735050825,16.91,16.91,16.91,16.91,0
1735050830,16.91,16.91,16.91,16.91,0
1735050835,16.91,16.91,16.91,16.91,0
1735050840,16.88,16.88,16.88,16.88,0
1735050845,16.88,16.88,16.88,16.88,0
1735050850,16.88,16.88,16.88,16.88,0
1735050855,16.86,16.86,16.86,16.86,0
1735050860,16.86,16.86,16.86,16.86,0
1735050865,16.86,16.86,16.86,16.86,0
1735050870,16.81,16.81,16.81,16.81,0
1735050875,16.81,16.81,16.81,16.81,0
1735050880,16.81,16.81,16.81,16.81,0
1735050885,16.79,16.79,16.79,16.79,0
1735050890,16.79,16.79,16.79,16.79,0
1735050895,16.79,16.79,16.79,16.79,0
1735050900,16.78,16.78,16.78,16.78,0
1735050905,16.78,16.78,16.78,16.78,0
1735050910,16.78,16.78,16.78,16.78,0
1735050915,16.85,16.85,16.85,16.85,0
1735050920,16.85,16.85,16.85,16.85,0
1735050925,16.85,16.85,16.85,16.85,0
1735050930,16.85,16.85,16.85,16.85,0
1735050935,16.85,16.85,16.85,16.85,0
1735050940,16.85,16.85,16.85,16.85,0
1735050945,16.85,16.85,16.85,16.85,0
1735050950,16.85,16.85,16.85,16.85,0
1735050955,16.85,16.85,16.85,16.85,0
1735050960,16.81,16.81,16.81,16.81,0
1735050965,16.81,16.81,16.81,16.81,0
1735050970,16.81,16.81,16.81,16.81,0
1735050975,16.78,16.78,16.78,16.78,0
1735050980,16.78,16.78,16.78,16.78,0
1735050985,16.78,16.78,16.78,16.78,0
1735050990,16.78,16.78,16.78,16.78,0
1735050995,16.78,16.78,16.78,16.78,0
1735051000,16.78,16.78,16.78,16.78,0
1735051005,16.79,16.79,16.79,16.79,0
1735051010,16.79,16.79,16.79,16.79,0
1735051015,16.79,16.79,16.79,16.79,0
1735051020,16.8,16.8,16.8,16.8,0
1735051025,16.8,16.8,16.8,16.8,0
1735051030,16.8,16.8,16.8,16.8,0
1735051035,16.77,16.77,16.77,16.77,0
1735051040,16.77,16.77,16.77,16.77,0
1735051045,16.77,16.77,16.77,16.77,0
1735051050,16.77,16.77,16.77,16.77,0
1735051055,16.77,16.77,16.77,16.77,0
1735051060,16.77,16.77,16.77,16.77,0
1735051065,16.76,16.76,16.76,16.76,0
1735051070,16.76,16.76,16.76,16.76,0
1735051075,16.76,16.76,16.76,16.76,0
1735051080,16.75,16.75,16.75,16.75,0
1735051085,16.75,16.75,16.75,16.75,0
1735051090,16.75,16.75,16.75,16.75,0
1735051095,16.67,16.67,16.67,16.67,0
1735051100,16.67,16.67,16.67,16.67,0
1735051105,16.67,16.67,16.67,16.67,0
1735051110,16.62,16.62,16.62,16.62,0
1735051115,16.62,16.62,16.62,16.62,0
1735051120,16.62,16.62,16.62,16.62,0
1735051125,16.63,16.63,16.63,16.63,0
1735051130,16.63,16.63,16.63,16.63,0
1735051135,16.63,16.63,16.63,16.63,0
1735051140,16.64,16.64,16.64,16.64,0
1735051145,16.64,16.64,16.64,16.64,0
1735051150,16.64,16.64,16.64,16.64,0
1735051155,16.59,16.59,16.59,16.59,0
1735051160,16.59,16.59,16.59,16.59,0
1735051165,16.59,16.59,16.59,16.59,0
1735051170,16.61,16.61,16.61,16.61,0
1735051175,16.61,16.61,16.61,16.61,0
1735051180,16.61,16.61,16.61,16.61,0
1735051185,16.62,16.62,16.62,16.62,0
1735051190,16.62,16.62,16.62,16.62,0
1735051195,16.62,16.62,16.62,16.62,0
1735051200,16.65,16.65,16.65,16.65,0
1735051205,16.65,16.65,16.65,16.65,0
1735051210,16.65,16.65,16.65,16.65,0
1735051215,16.61,16.61,16.61,16.61,0
1735051220,16.61,16.61,16.61,16.61,0
1735051225,16.61,16.61,16.61,16.61,0
1735051230,16.58,16.58,16.58,16.58,0
1735051235,16.58,16.58,16.58,16.58,0
1735051240,16.58,16.58,16.58,16.58,0
1735051245,16.57,16.57,16.57,16.57,0
1735051250,16.57,16.57,16.57,16.57,0
1735051255,16.57,16.57,16.57,16.57,0
1735051260,16.55,16.55,16.55,16.55,0
1735051265,16.55,16.55,16.55,16.55,0
1735051270,16.55,16.55,16.55,16.55,0
1735051275,16.55,16.55,16.55,16.55,0
1735051280,16.55,16.55,16.55,16.55,0
1735051285,16.55,16.55,16.55,16.55,0
1735051290,16.55,16.55,16.55,16.55,0
1735051295,16.55,16.55,16.55,16.55,0
1735051300,16.55,16.55,16.55,16.55,0
1735051305,16.55,16.55,16.55,16.55,0
1735051310,16.55,16.55,16.55,16.55,0
1735051315,16.55,16.55,16.55,16.55,0
1735051320,16.54,16.54,16.54,16.54,0
1735051325,16.54,16.54,16.54,16.54,0
1735051330,16.54,16.54,16.54,16.54,0
1735051335,16.55,16.55,16.55,16.55,0
1735051340,16.55,16.55,16.55,16.55,0
1735051345,16.55,16.55,16.55,16.55,0
1735051350,16.55,16.55,16.55,16.55,0
1735051355,16.55,16.55,16.55,16.55,0
1735051360,16.55,16.55,16.55,16.55,0
1735051365,16.56,16.56,16.56,16.56,0
1735051370,16.56,16.56,16.56,16.56,0
1735051375,16.56,16.56,16.56,16.56,0
1735051380,16.62,16.62,16.62,16.62,0
1735051385,16.62,16.62,16.62,16.62,0
1735051390,16.62,16.62,16.62,16.62,0
1735051395,16.64,16.64,16.64,16.64,0
1735051400,16.64,16.64,16.64,16.64,0
1735051405,16.64,16.64,16.64,16.64,0
1735051410,16.62,16.62,16.62,16.62,0
1735051415,16.62,16.62,16.62,16.62,0
1735051420,16.62,16.62,16.62,16.62,0
1735051425,16.66,16.66,16.66,16.66,0
1735051430,16.66,16.66,16.66,16.66,0
1735051435,16.66,16.66,16.66,16.66,0
1735051440,16.68,16.68,16.68,16.68,0
1735051445,16.68,16.68,16.68,16.68,0
1735051450,16.68,16.68,16.68,16.68,0
1735051455,16.65,16.65,16.65,16.65,0
1735051460,16.65,16.65,16.65,16.65,0
1735051465,16.65,16.65,16.65,16.65,0
1735051470,16.67,16.67,16.67,16.67,0
1735051475,16.67,16.67,16.67,16.67,0
1735051480,16.67,16.67,16.67,16.67,0
1735051485,16.67,16.67,16.67,16.67,0
1735051490,16.67,16.67,16.67,16.67,0
1735051495,16.67,16.67,16.67,16.67,0
1735051500,16.68,16.68,16.68,16.68,0
1735051505,16.68,16.68,16.68,16.68,0
1735051510,16.68,16.68,16.68,16.68,0
1735051515,16.67,16.67,16.67,16.67,0
1735051520,16.67,16.67,16.67,16.67,0
1735051525,16.67,16.67,16.67,16.67,0
1735051530,16.64,16.64,16.64,16.64,0
1735051535,16.64,16.64,16.64,16.64,0
1735051540,16.64,16.64,16.64,16.64,0
1735051545,16.69,16.69,16.69,16.69,0
1735051550,16.69,16.69,16.69,16.69,0
1735051555,16.69,16.69,16.69,16.69,0
1735051560,16.66,16.66,16.66,16.66,0
1735051565,16.66,16.66,16.66,16.66,0
1735051570,16.66,16.66,16.66,16.66,0
1735051575,16.68,16.68,16.68,16.68,0
1735051580,16.68,16.68,16.68,16.68,0
1735051585,16.68,16.68,16.68,16.68,0
1735051590,16.68,16.68,16.68,16.68,0
1735051595,16.68,16.68,16.68,16.68,0
1735051600,16.68,16.68,16.68,16.68,0
1735051605,16.65,16.65,16.65,16.65,0
1735051610,16.65,16.65,16.65,16.65,0
1735051615,16.65,16.65,16.65,16.65,0
1735051620,16.67,16.67,16.67,16.67,0
1735051625,16.67,16.67,16.67,16.67,0
1735051630,16.67,16.67,16.67,16.67,0
1735051635,16.68,16.68,16.68,16.68,0
1735051640,16.68,16.68,16.68,16.68,0
1735051645,16.68,16.68,16.68,16.68,0
1735051650,16.67,16.67,16.67,16.67,0
1735051655,16.67,16.67,16.67,16.67,0
1735051660,16.67,16.67,16.67,16.67,0
1735051665,16.7,16.7,16.7,16.7,0
1735051670,16.7,16.7,16.7,16.7,0
1735051675,16.7,16.7,16.7,16.7,0
1735051680,16.7,16.7,16.7,16.7,0
1735051685,16.7,16.7,16.7,16.7,0
1735051690,16.7,16.7,16.7,16.7,0
1735051695,16.68,16.68,16.68,16.68,0
1735051700,16.68,16.68,16.68,16.68,0
1735051705,16.68,16.68,16.68,16.68,0
1735051710,16.72,16.72,16.72,16.72,0
1735051715,16.72,16.72,16.72,16.72,0
1735051720,16.72,16.72,16.72,16.72,0
1735051725,16.71,16.71,16.71,16.71,0
1735051730,16.71,16.71,16.71,16.71,0
1735051735,16.71,16.71,16.71,16.71,0
1735051740,16.73,16.73,16.73,16.73,0
1735051745,16.73,16.73,16.73,16.73,0
1735051750,16.73,16.73,16.73,16.73,0
1735051755,16.71,16.71,16.71,16.71,0
1735051760,16.71,16.71,16.71,16.71,0
1735051765,16.71,16.71,16.71,16.71,0
1735051770,16.7,16.7,16.7,16.7,0
1735051775,16.7,16.7,16.7,16.7,0
1735051780,16.7,16.7,16.7,16.7,0
1735051785,16.7,16.7,16.7,16.7,0
1735051790,16.7,16.7,16.7,16.7,0
1735051795,16.7,16.7,16.7,16.7,0
1735051800,16.72,16.72,16.72,16.72,0
1735051805,16.72,16.72,16.72,16.72,0
1735051810,16.72,16.72,16.72,16.72,0
1735051815,16.77,16.77,16.77,16.77,0
1735051820,16.77,16.77,16.77,16.77,0
1735051825,16.77,16.77,16.77,16.77,0
1735051830,16.8,16.8,16.8,16.8,0
1735051835,16.8,16.8,16.8,16.8,0
1735051840,16.8,16.8,16.8,16.8,0
1735051845,16.76,16.76,16.76,16.76,0
1735051850,16.76,16.76,16.76,16.76,0
1735051855,16.76,16.76,16.76,16.76,0
1735051860,16.75,16.75,16.75,16.75,0
1735051865,16.75,16.75,16.75,16.75,0
1735051870,16.75,16.75,16.75,16.75,0
1735051875,16.75,16.75,16.75,16.75,0
1735051880,16.75,16.75,16.75,16.75,0
1735051885,16.75,16.75,16.75,16.75,0
1735051890,16.72,16.72,16.72,16.72,0
1735051895,16.72,16.72,16.72,16.72,0
1735051900,16.72,16.72,16.72,16.72,0
1735051905,16.72,16.72,16.72,16.72,0
1735051910,16.72,16.72,16.72,16.72,0
1735051915,16.72,16.72,16.72,16.72,0
1735051920,16.7,16.7,16.7,16.7,0
1735051925,16.7,16.7,16.7,16.7,0
1735051930,16.7,16.7,16.7,16.7,0
1735051935,16.69,16.69,16.69,16.69,0
1735051940,16.69,16.69,16.69,16.69,0
1735051945,16.69,16.69,16.69,16.69,0
1735051950,16.7,16.7,16.7,16.7,0
1735051955,16.7,16.7,16.7,16.7,0
1735051960,16.7,16.7,16.7,16.7,0
1735051965,16.69,16.69,16.69,16.69,0
1735051970,16.69,16.69,16.69,16.69,0
1735051975,16.69,16.69,16.69,16.69,0
1735051980,16.7,16.7,16.7,16.7,0
1735051985,16.7,16.7,16.7,16.7,0
1735051990,16.7,16.7,16.7,16.7,0
1735051995,16.7,16.7,16.7,16.7,0
1735052000,16.7,16.7,16.7,16.7,0
1735052005,16.7,16.7,16.7,16.7,0
1735052010,16.66,16.66,16.66,16.66,0
1735052015,16.66,16.66,16.66,16.66,0
1735052020,16.66,16.66,16.66,16.66,0
1735052025,16.65,16.65,16.65,16.65,0
1735052030,16.65,16.65,16.65,16.65,0
1735052035,16.65,16.65,16.65,16.65,0
1735052040,16.66,16.66,16.66,16.66,0
1735052045,16.66,16.66,16.66,16.66,0
1735052050,16.66,16.66,16.66,16.66,0
1735052055,16.66,16.66,16.66,16.66,0
1735052060,16.66,16.66,16.66,16.66,0
1735052065,16.66,16.66,16.66,16.66,0
1735052070,16.64,16.64,16.64,16.64,0
1735052075,16.64,16.64,16.64,16.64,0
1735052080,16.64,16.64,16.64,16.64,0
1735052085,16.65,16.65,16.65,16.65,0
1735052090,16.65,16.65,16.65,16.65,0
1735052095,16.65,16.65,16.65,16.65,0
1735052100,16.64,16.64,16.64,16.64,0
1735052105,16.64,16.64,16.64,16.64,0
1735052110,16.64,16.64,16.64,16.64,0
1735052115,16.67,16.67,16.67,16.67,0
1735052120,16.67,16.67,16.67,16.67,0
1735052125,16.67,16.67,16.67,16.67,0
1735052130,16.68,16.68,16.68,16.68,0
1735052135,16.68,16.68,16.68,16.68,0
1735052140,16.68,16.68,16.68,16.68,0
1735052145,16.64,16.64,16.64,16.64,0
1735052150,16.64,16.64,16.64,16.64,0
1735052155,16.64,16.64,16.64,16.64,0
1735052160,16.65,16.65,16.65,16.65,0
1735052165,16.65,16.65,16.65,16.65,0
1735052170,16.65,16.65,16.65,16.65,0
1735052175,16.65,16.65,16.65,16.65,0
1735052180,16.65,16.65,16.65,16.65,0
1735052185,16.65,16.65,16.65,16.65,0
1735052190,16.63,16.63,16.63,16.63,0
1735052195,16.63,16.63,16.63,16.63,0
1735052200,16.63,16.63,16.63,16.63,0
1735052205,16.6,16.6,16.6,16.6,0
1735052210,16.6,16.6,16.6,16.6,0
1735052215,16.6,16.6,16.6,16.6,0
1735052220,16.58,16.58,16.58,16.58,0
1735052225,16.58,16.58,16.58,16.58,0
1735052230,16.58,16.58,16.58,16.58,0
1735052235,16.57,16.57,16.57,16.57,0
1735052240,16.57,16.57,16.57,16.57,0
1735052245,16.57,16.57,16.57,16.57,0
1735052250,16.57,16.57,16.57,16.57,0
1735052255,16.57,16.57,16.57,16.57,0
1735052260,16.57,16.57,16.57,16.57,0
1735052265,16.58,16.58,16.58,16.58,0
1735052270,16.58,16.58,16.58,16.58,0
1735052275,16.58,16.58,16.58,16.58,0
1735052280,16.6,16.6,16.6,16.6,0
1735052285,16.6,16.6,16.6,16.6,0
1735052290,16.6,16.6,16.6,16.6,0
1735052295,16.57,16.57,16.57,16.57,0
1735052300,16.57,16.57,16.57,16.57,0
1735052305,16.57,16.57,16.57,16.57,0
1735052310,16.54,16.54,16.54,16.54,0
1735052315,16.54,16.54,16.54,16.54,0
1735052320,16.54,16.54,16.54,16.54,0
1735052325,16.54,16.54,16.54,16.54,0
1735052330,16.54,16.54,16.54,16.54,0
1735052335,16.54,16.54,16.54,16.54,0
1735052340,16.55,16.55,16.55,16.55,0
1735052345,16.55,16.55,16.55,16.55,0
1735052350,16.55,16.55,16.55,16.55,0
1735052355,16.55,16.55,16.55,16.55,0
1735052360,16.55,16.55,16.55,16.55,0
1735052365,16.55,16.55,16.55,16.55,0
1735052370,16.55,16.55,16.55,16.55,0
1735052375,16.55,16.55,16.55,16.55,0
1735052380,16.55,16.55,16.55,16.55,0
1735052385,16.56,16.56,16.56,16.56,0
1735052390,16.56,16.56,16.56,16.56,0
1735052395,16.56,16.56,16.56,16.56,0
1735052400,16.5,16.5,16.5,16.5,0
1735052405,16.5,16.5,16.5,16.5,0
1735052410,16.5,16.5,16.5,16.5,0
1735052415,16.46,16.46,16.46,16.46,0
1735052420,16.46,16.46,16.46,16.46,0
1735052425,16.46,16.46,16.46,16.46,0
1735052430,16.51,16.51,16.51,16.51,0
1735052435,16.51,16.51,16.51,16.51,0
1735052440,16.51,16.51,16.51,16.51,0
1735052445,16.54,16.54,16.54,16.54,0
1735052450,16.54,16.54,16.54,16.54,0
1735052455,16.54,16.54,16.54,16.54,0
1735052460,16.52,16.52,16.52,16.52,0
1735052465,16.52,16.52,16.52,16.52,0
1735052470,16.52,16.52,16.52,16.52,0
1735052475,16.49,16.49,16.49,16.49,0
1735052480,16.49,16.49,16.49,16.49,0
1735052485,16.49,16.49,16.49,16.49,0
1735052490,16.44,16.44,16.44,16.44,0
1735052495,16.44,16.44,16.44,16.44,0
1735052500,16.44,16.44,16.44,16.44,0
1735052505,16.4,16.4,16.4,16.4,0
1735052510,16.4,16.4,16.4,16.4,0
1735052515,16.4,16.4,16.4,16.4,0
1735052520,16.44,16.44,16.44,16.44,0
1735052525,16.44,16.44,16.44,16.44,0
1735052530,16.44,16.44,16.44,16.44,0
1735052535,16.44,16.44,16.44,16.44,0
1735052540,16.44,16.44,16.44,16.44,0
1735052545,16.44,16.44,16.44,16.44,0
1735052550,16.42,16.42,16.42,16.42,0
1735052555,16.42,16.42,16.42,16.42,0
1735052560,16.42,16.42,16.42,16.42,0
1735052565,16.42,16.42,16.42,16.42,0
1735052570,16.42,16.42,16.42,16.42,0
1735052575,16.42,16.42,16.42,16.42,0
1735052580,16.42,16.42,16.42,16.42,0
1735052585,16.42,16.42,16.42,16.42,0
1735052590,16.42,16.42,16.42,16.42,0
1735052595,16.38,16.38,16.38,16.38,0
1735052600,16.38,16.38,16.38,16.38,0
1735052605,16.38,16.38,16.38,16.38,0
1735052610,16.4,16.4,16.4,16.4,0
1735052615,16.4,16.4,16.4,16.4,0
1735052620,16.4,16.4,16.4,16.4,0
1735052625,16.38,16.38,16.38,16.38,0
1735052630,16.38,16.38,16.38,16.38,0
1735052635,16.38,16.38,16.38,16.38,0
1735052640,16.36,16.36,16.36,16.36,0
1735052645,16.36,16.36,16.36,16.36,0
1735052650,16.36,16.36,16.36,16.36,0
1735052655,16.39,16.39,16.39,16.39,0
1735052660,16.39,16.39,16.39,16.39,0
1735052665,16.39,16.39,16.39,16.39,0
1735052670,16.38,16.38,16.38,16.38,0
1735052675,16.38,16.38,16.38,16.38,0
1735052680,16.38,16.38,16.38,16.38,0
1735052685,16.3,16.3,16.3,16.3,0
1735052690,16.3,16.3,16.3,16.3,0
1735052695,16.3,16.3,16.3,16.3,0
1735052700,16.32,16.32,16.32,16.32,0
1735052705,16.32,16.32,16.32,16.32,0
1735052710,16.32,16.32,16.32,16.32,0
1735052715,16.33,16.33,16.33,16.33,0
1735052720,16.33,16.33,16.33,16.33,0
1735052725,16.33,16.33,16.33,16.33,0
1735052730,16.31,16.31,16.31,16.31,0
1735052735,16.31,16.31,16.31,16.31,0
1735052740,16.31,16.31,16.31,16.31,0
1735052745,16.33,16.33,16.33,16.33,0
1735052750,16.33,16.33,16.33,16.33,0
1735052755,16.33,16.33,16.33,16.33,0
1735052760,16.36,16.36,16.36,16.36,0
1735052765,16.36,16.36,16.36,16.36,0
1735052770,16.36,16.36,16.36,16.36,0
1735052775,16.35,16.35,16.35,16.35,0
1735052780,16.35,16.35,16.35,16.35,0
1735052785,16.35,16.35,16.35,16.35,0
1735052790,16.33,16.33,16.33,16.33,0
1735052795,16.33,16.33,16.33,16.33,0
1735052800,16.33,16.33,16.33,16.33,0
1735052805,16.32,16.32,16.32,16.32,0
1735052810,16.32,16.32,16.32,16.32,0
1735052815,16.32,16.32,16.32,16.32,0
1735052820,16.32,16.32,16.32,16.32,0
1735052825,16.32,16.32,16.32,16.32,0
1735052830,16.32,16.32,16.32,16.32,0
1735052835,16.33,16.33,16.33,16.33,0
1735052840,16.33,16.33,16.33,16.33,0
1735052845,16.33,16.33,16.33,16.33,0
1735052850,16.34,16.34,16.34,16.34,0
1735052855,16.34,16.34,16.34,16.34,0
1735052860,16.34,16.34,16.34,16.34,0
1735052865,16.28,16.28,16.28,16.28,0
1735052870,16.28,16.28,16.28,16.28,0
1735052875,16.28,16.28,16.28,16.28,0
1735052880,16.27,16.27,16.27,16.27,0
1735052885,16.27,16.27,16.27,16.27,0
1735052890,16.27,16.27,16.27,16.27,0
1735052895,16.27,16.27,16.27,16.27,0
1735052900,16.27,16.27,16.27,16.27,0
1735052905,16.27,16.27,16.27,16.27,0
1735052910,16.27,16.27,16.27,16.27,0
1735052915,16.27,16.27,16.27,16.27,0
1735052920,16.27,16.27,16.27,16.27,0
1735052925,16.24,16.24,16.24,16.24,0
1735052930,16.24,16.24,16.24,16.24,0
1735052935,16.24,16.24,16.24,16.24,0
1735052940,16.26,16.26,16.26,16.26,0
1735052945,16.26,16.26,16.26,16.26,0
1735052950,16.26,16.26,16.26,16.26,0
1735052955,16.3,16.3,16.3,16.3,0
1735052960,16.3,16.3,16.3,16.3,0
1735052965,16.3,16.3,16.3,16.3,0
1735052970,16.34,16.34,16.34,16.34,0
1735052975,16.34,16.34,16.34,16.34,0
1735052980,16.34,16.34,16.34,16.34,0
1735052985,16.35,16.35,16.35,16.35,0
1735052990,16.35,16.35,16.35,16.35,0
1735052995,16.35,16.35,16.35,16.35,0
1735053000,16.43,16.43,16.43,16.43,0
1735053005,16.43,16.43,16.43,16.43,0
1735053010,16.43,16.43,16.43,16.43,0
1735053015,16.37,16.37,16.37,16.37,0
1735053020,16.37,16.37,16.37,16.37,0
1735053025,16.37,16.37,16.37,16.37,0
1735053030,16.4,16.4,16.4,16.4,0
1735053035,16.4,16.4,16.4,16.4,0
1735053040,16.4,16.4,16.4,16.4,0
1735053045,16.39,16.39,16.39,16.39,0
1735053050,16.39,16.39,16.39,16.39,0
1735053055,16.39,16.39,16.39,16.39,0
1735053060,16.35,16.35,16.35,16.35,0
1735053065,16.35,16.35,16.35,16.35,0
1735053070,16.35,16.35,16.35,16.35,0
1735053075,16.33,16.33,16.33,16.33,0
1735053080,16.33,16.33,16.33,16.33,0
1735053085,16.33,16.33,16.33,16.33,0
1735053090,16.35,16.35,16.35,16.35,0
1735053095,16.35,16.35,16.35,16.35,0
1735053100,16.35,16.35,16.35,16.35,0
1735053105,16.37,16.37,16.37,16.37,0
1735053110,16.37,16.37,16.37,16.37,0
1735053115,16.37,16.37,16.37,16.37,0
1735053120,16.34,16.34,16.34,16.34,0
1735053125,16.34,16.34,16.34,16.34,0
1735053130,16.34,16.34,16.34,16.34,0
1735053135,16.31,16.31,16.31,16.31,0
1735053140,16.31,16.31,16.31,16.31,0
1735053145,16.31,16.31,16.31,16.31,0
1735053150,16.3,16.3,16.3,16.3,0
1735053155,16.3,16.3,16.3,16.3,0
1735053160,16.3,16.3,16.3,16.3,0
1735053165,16.3,16.3,16.3,16.3,0
1735053170,16.3,16.3,16.3,16.3,0
1735053175,16.3,16.3,16.3,16.3,0
1735053180,16.3,16.3,16.3,16.3,0
1735053185,16.3,16.3,16.3,16.3,0
1735053190,16.3,16.3,16.3,16.3,0
1735053195,16.32,16.32,16.32,16.32,0
1735053200,16.32,16.32,16.32,16.32,0
1735053205,16.32,16.32,16.32,16.32,0
1735053210,16.35,16.35,16.35,16.35,0
1735053215,16.35,16.35,16.35,16.35,0
1735053220,16.35,16.35,16.35,16.35,0
1735053225,16.32,16.32,16.32,16.32,0
1735053230,16.32,16.32,16.32,16.32,0
1735053235,16.32,16.32,16.32,16.32,0
1735053240,16.29,16.29,16.29,16.29,0
1735053245,16.29,16.29,16.29,16.29,0
1735053250,16.29,16.29,16.29,16.29,0
1735053255,16.3,16.3,16.3,16.3,0
1735053260,16.3,16.3,16.3,16.3,0
1735053265,16.3,16.3,16.3,16.3,0
1735053270,16.27,16.27,16.27,16.27,0
1735053275,16.27,16.27,16.27,16.27,0
1735053280,16.27,16.27,16.27,16.27,0
1735053285,16.28,16.28,16.28,16.28,0
1735053290,16.28,16.28,16.28,16.28,0
1735053295,16.28,16.28,16.28,16.28,0
1735053300,16.28,16.28,16.28,16.28,0
1735053305,16.28,16.28,16.28,16.28,0
1735053310,16.28,16.28,16.28,16.28,0
1735053315,16.24,16.24,16.24,16.24,0
1735053320,16.24,16.24,16.24,16.24,0
1735053325,16.24,16.24,16.24,16.24,0
1735053330,16.23,16.23,16.23,16.23,0
1735053335,16.23,16.23,16.23,16.23,0
1735053340,16.23,16.23,16.23,16.23,0
1735053345,16.24,16.24,16.24,16.24,0
1735053350,16.24,16.24,16.24,16.24,0
1735053355,16.24,16.24,16.24,16.24,0
1735053360,16.25,16.25,16.25,16.25,0
1735053365,16.25,16.25,16.25,16.25,0
1735053370,16.25,16.25,16.25,16.25,0
1735053375,16.25,16.25,16.25,16.25,0
1735053380,16.25,16.25,16.25,16.25,0
1735053385,16.25,16.25,16.25,16.25,0
1735053390,16.26,16.26,16.26,16.26,0
1735053395,16.26,16.26,16.26,16.26,0
1735053400,16.26,16.26,16.26,16.26,0
1735053405,16.22,16.22,16.22,16.22,0
1735053410,16.22,16.22,16.22,16.22,0
1735053415,16.22,16.22,16.22,16.22,0
1735053420,16.22,16.22,16.22,16.22,0
1735053425,16.22,16.22,16.22,16.22,0
1735053430,16.22,16.22,16.22,16.22,0
1735053435,16.24,16.24,16.24,16.24,0
1735053440,16.24,16.24,16.24,16.24,0
1735053445,16.24,16.24,16.24,16.24,0
1735053450,16.24,16.24,16.24,16.24,0
1735053455,16.24,16.24,16.24,16.24,0
1735053460,16.24,16.24,16.24,16.24,0
1735053465,16.25,16.25,16.25,16.25,0
1735053470,16.25,16.25,16.25,16.25,0
1735053475,16.25,16.25,16.25,16.25,0
1735053480,16.23,16.23,16.23,16.23,0
1735053485,16.23,16.23,16.23,16.23,0
1735053490,16.23,16.23,16.23,16.23,0
1735053495,16.22,16.22,16.22,16.22,0
1735053500,16.22,16.22,16.22,16.22,0
1735053505,16.22,16.22,16.22,16.22,0
1735053510,16.23,16.23,16.23,16.23,0
1735053515,16.23,16.23,16.23,16.23,0
1735053520,16.23,16.23,16.23,16.23,0
1735053525,16.23,16.23,16.23,16.23,0
1735053530,16.23,16.23,16.23,16.23,0
1735053535,16.23,16.23,16.23,16.23,0
1735053540,16.21,16.21,16.21,16.21,0
1735053545,16.21,16.21,16.21,16.21,0
1735053550,16.21,16.21,16.21,16.21,0
1735053555,16.22,16.22,16.22,16.22,0
1735053560,16.22,16.22,16.22,16.22,0
1735053565,16.22,16.22,16.22,16.22,0
1735053570,16.24,16.24,16.24,16.24,0
1735053575,16.24,16.24,16.24,16.24,0
1735053580,16.24,16.24,16.24,16.24,0
1735053585,16.24,16.24,16.24,16.24,0
1735053590,16.24,16.24,16.24,16.24,0
1735053595,16.24,16.24,16.24,16.24,0
1735053600,16.22,16.22,16.22,16.22,0
1735053605,16.22,16.22,16.22,16.22,0
1735053610,16.22,16.22,16.22,16.22,0
1735053615,16.25,16.25,16.25,16.25,0
1735053620,16.25,16.25,16.25,16.25,0
1735053625,16.25,16.25,16.25,16.25,0
1735053630,16.24,16.24,16.24,16.24,0
1735053635,16.24,16.24,16.24,16.24,0
1735053640,16.24,16.24,16.24,16.24,0
1735053645,16.27,16.27,16.27,16.27,0
1735053650,16.27,16.27,16.27,16.27,0
1735053655,16.27,16.27,16.27,16.27,0
1735053660,16.27,16.27,16.27,16.27,0
1735053665,16.27,16.27,16.27,16.27,0
1735053670,16.27,16.27,16.27,16.27,0
1735053675,16.27,16.27,16.27,16.27,0
1735053680,16.27,16.27,16.27,16.27,0
1735053685,16.27,16.27,16.27,16.27,0
1735053690,16.26,16.26,16.26,16.26,0
1735053695,16.26,16.26,16.26,16.26,0
1735053700,16.26,16.26,16.26,16.26,0
1735053705,16.27,16.27,16.27,16.27,0
1735053710,16.27,16.27,16.27,16.27,0
1735053715,16.27,16.27,16.27,16.27,0
1735053720,16.24,16.24,16.24,16.24,0
1735053725,16.24,16.24,16.24,16.24,0
1735053730,16.24,16.24,16.24,16.24,0
1735053735,16.23,16.23,16.23,16.23,0
1735053740,16.23,16.23,16.23,16.23,0
1735053745,16.23,16.23,16.23,16.23,0
1735053750,16.23,16.23,16.23,16.23,0
1735053755,16.23,16.23,16.23,16.23,0
1735053760,16.23,16.23,16.23,16.23,0
1735053765,16.21,16.21,16.21,16.21,0
1735053770,16.21,16.21,16.21,16.21,0
1735053775,16.21,16.21,16.21,16.21,0
1735053780,16.21,16.21,16.21,16.21,0
1735053785,16.21,16.21,16.21,16.21,0
1735053790,16.21,16.21,16.21,16.21,0
1735053795,16.2,16.2,16.2,16.2,0
1735053800,16.2,16.2,16.2,16.2,0
1735053805,16.2,16.2,16.2,16.2,0
1735053810,16.21,16.21,16.21,16.21,0
1735053815,16.21,16.21,16.21,16.21,0
1735053820,16.21,16.21,16.21,16.21,0
1735053825,16.22,16.22,16.22,16.22,0
1735053830,16.22,16.22,16.22,16.22,0
1735053835,16.22,16.22,16.22,16.22,0
1735053840,16.22,16.22,16.22,16.22,0
1735053845,16.22,16.22,16.22,16.22,0
1735053850,16.22,16.22,16.22,16.22,0
1735053855,16.2,16.2,16.2,16.2,0
1735053860,16.2,16.2,16.2,16.2,0
1735053865,16.2,16.2,16.2,16.2,0
1735053870,16.21,16.21,16.21,16.21,0
1735053875,16.21,16.21,16.21,16.21,0
1735053880,16.21,16.21,16.21,16.21,0
1735053885,16.21,16.21,16.21,16.21,0
1735053890,16.21,16.21,16.21,16.21,0
1735053895,16.21,16.21,16.21,16.21,0
1735053900,16.2,16.2,16.2,16.2,0
1735053905,16.2,16.2,16.2,16.2,0
1735053910,16.2,16.2,16.2,16.2,0
1735053915,16.18,16.18,16.18,16.18,0
1735053920,16.18,16.18,16.18,16.18,0
1735053925,16.18,16.18,16.18,16.18,0
1735053930,16.18,16.18,16.18,16.18,0
1735053935,16.18,16.18,16.18,16.18,0
1735053940,16.18,16.18,16.18,16.18,0
1735053945,16.17,16.17,16.17,16.17,0
1735053950,16.17,16.17,16.17,16.17,0
1735053955,16.17,16.17,16.17,16.17,0
1735053960,16.16,16.16,16.16,16.16,0
1735053965,16.16,16.16,16.16,16.16,0
1735053970,16.16,16.16,16.16,16.16,0
1735053975,16.16,16.16,16.16,16.16,0
1735053980,16.16,16.16,16.16,16.16,0
1735053985,16.16,16.16,16.16,16.16,0
1735053990,16.16,16.16,16.16,16.16,0
1735053995,16.16,16.16,16.16,16.16,0
1735054000,16.16,16.16,16.16,16.16,0
1735054005,16.16,16.16,16.16,16.16,0
1735054010,16.16,16.16,16.16,16.16,0
1735054015,16.16,16.16,16.16,16.16,0
1735054020,16.15,16.15,16.15,16.15,0
1735054025,16.15,16.15,16.15,16.15,0
1735054030,16.15,16.15,16.15,16.15,0
1735054035,16.15,16.15,16.15,16.15,0
1735054040,16.15,16.15,16.15,16.15,0
1735054045,16.15,16.15,16.15,16.15,0
1735054050,16.16,16.16,16.16,16.16,0
1735054055,16.16,16.16,16.16,16.16,0
1735054060,16.16,16.16,16.16,16.16,0
1735054065,16.15,16.15,16.15,16.15,0
1735054070,16.15,16.15,16.15,16.15,0
1735054075,16.15,16.15,16.15,16.15,0
1735054080,16.16,16.16,16.16,16.16,0
1735054085,16.16,16.16,16.16,16.16,0
1735054090,16.16,16.16,16.16,16.16,0
1735054095,16.17,16.17,16.17,16.17,0
1735054100,16.17,16.17,16.17,16.17,0
1735054105,16.17,16.17,16.17,16.17,0
1735054110,16.14,16.14,16.14,16.14,0
1735054115,16.14,16.14,16.14,16.14,0
1735054120,16.14,16.14,16.14,16.14,0
1735054125,16.14,16.14,16.14,16.14,0
1735054130,16.14,16.14,16.14,16.14,0
1735054135,16.14,16.14,16.14,16.14,0
1735054140,16.13,16.13,16.13,16.13,0
1735054145,16.13,16.13,16.13,16.13,0
1735054150,16.13,16.13,16.13,16.13,0
1735054155,16.17,16.17,16.17,16.17,0
1735054160,16.17,16.17,16.17,16.17,0
1735054165,16.17,16.17,16.17,16.17,0
1735054170,16.15,16.15,16.15,16.15,0
1735054175,16.15,16.15,16.15,16.15,0
1735054180,16.15,16.15,16.15,16.15,0
1735054185,16.16,16.16,16.16,16.16,0
1735054190,16.16,16.16,16.16,16.16,0
1735054195,16.16,16.16,16.16,16.16,0
1735054200,16.16,16.16,16.16,16.16,0
1735054205,16.16,16.16,16.16,16.16,0
1735054210,16.16,16.16,16.16,16.16,0
1735054215,16.13,16.13,16.13,16.13,0
1735054220,16.13,16.13,16.13,16.13,0
1735054225,16.13,16.13,16.13,16.13,0
1735054230,16.14,16.14,16.14,16.14,0
1735054235,16.14,16.14,16.14,16.14,0
1735054240,16.14,16.14,16.14,16.14,0
1735054245,16.13,16.13,16.13,16.13,0
1735054250,16.13,16.13,16.13,16.13,0
1735054255,16.13,16.13,16.13,16.13,0
1735054260,16.14,16.14,16.14,16.14,0
1735054265,16.14,16.14,16.14,16.14,0
1735054270,16.14,16.14,16.14,16.14,0
1735054275,16.15,16.15,16.15,16.15,0
1735054280,16.15,16.15,16.15,16.15,0
1735054285,16.15,16.15,16.15,16.15,0
1735054290,16.16,16.16,16.16,16.16,0
1735054295,16.16,16.16,16.16,16.16,0
1735054300,16.16,16.16,16.16,16.16,0
1735054305,16.16,16.16,16.16,16.16,0
1735054310,16.16,16.16,16.16,16.16,0
1735054315,16.16,16.16,16.16,16.16,0
1735054320,16.14,16.14,16.14,16.14,0
1735054325,16.14,16.14,16.14,16.14,0
1735054330,16.14,16.14,16.14,16.14,0
1735054335,16.14,16.14,16.14,16.14,0
1735054340,16.14,16.14,16.14,16.14,0
1735054345,16.14,16.14,16.14,16.14,0
1735054350,16.09,16.09,16.09,16.09,0
1735054355,16.09,16.09,16.09,16.09,0
1735054360,16.09,16.09,16.09,16.09,0
1735054365,16.07,16.07,16.07,16.07,0
1735054370,16.07,16.07,16.07,16.07,0
1735054375,16.07,16.07,16.07,16.07,0
1735054380,16.02,16.02,16.02,16.02,0
1735054385,16.02,16.02,16.02,16.02,0
1735054390,16.02,16.02,16.02,16.02,0
1735054395,16.03,16.03,16.03,16.03,0
1735054400,16.03,16.03,16.03,16.03,0
1735054405,16.03,16.03,16.03,16.03,0
1735054410,16.02,16.02,16.02,16.02,0
1735054415,16.02,16.02,16.02,16.02,0
1735054420,16.02,16.02,16.02,16.02,0
1735054425,16.03,16.03,16.03,16.03,0
1735054430,16.03,16.03,16.03,16.03,0
1735054435,16.03,16.03,16.03,16.03,0
1735054440,16.03,16.03,16.03,16.03,0
1735054445,16.03,16.03,16.03,16.03,0
1735054450,16.03,16.03,16.03,16.03,0
1735054455,16.04,16.04,16.04,16.04,0
1735054460,16.04,16.04,16.04,16.04,0
1735054465,16.04,16.04,16.04,16.04,0
1735054470,16.04,16.04,16.04,16.04,0
1735054475,16.04,16.04,16.04,16.04,0
1735054480,16.04,16.04,16.04,16.04,0
1735054485,16.95,16.95,16.95,16.95,0
1735054490,16.95,16.95,16.95,16.95,0
1735054495,16.95,16.95,16.95,16.95,0
1735054500,16.95,16.95,16.95,16.95,0
1735054505,16.95,16.95,16.95,16.95,0
1735054510,16.95,16.95,16.95,16.95,0
1735054515,16.95,16.95,16.95,16.95,0
1735054520,16.95,16.95,16.95,16.95,0
1735054525,16.95,16.95,16.95,16.95,0
1735054530,16.95,16.95,16.95,16.95,0
1735054535,16.95,16.95,16.95,16.95,0
1735054540,16.95,16.95,16.95,16.95,0
1735054545,16.95,16.95,16.95,16.95,0
1735054550,16.95,16.95,16.95,16.95,0
1735054555,16.95,16.95,16.95,16.95,0
1735054560,16.95,16.95,16.95,16.95,0
1735054565,16.95,16.95,16.95,16.95,0
1735054570,16.95,16.95,16.95,16.95,0
1735054575,16.95,16.95,16.95,16.95,0
1735054580,16.95,16.95,16.95,16.95,0
1735054585,16.95,16.95,16.95,16.95,0
1735054590,16.95,16.95,16.95,16.95,0
1735054595,16.95,16.95,16.95,16.95,0
1735054600,16.95,16.95,16.95,16.95,0
1735054605,16.02,16.02,16.02,16.02,0
1735054610,16.02,16.02,16.02,16.02,0
1735054615,16.02,16.02,16.02,16.02,0
1735054620,16.01,16.01,16.01,16.01,0
1735054625,16.01,16.01,16.01,16.01,0
1735054630,16.01,16.01,16.01,16.01,0
1735054635,16.05,16.05,16.05,16.05,0
1735054640,16.05,16.05,16.05,16.05,0
1735054645,16.05,16.05,16.05,16.05,0
1735054650,16.05,16.05,16.05,16.05,0
1735054655,16.05,16.05,16.05,16.05,0
1735054660,16.05,16.05,16.05,16.05,0
1735054665,16.06,16.06,16.06,16.06,0
1735054670,16.06,16.06,16.06,16.06,0
1735054675,16.06,16.06,16.06,16.06,0
1735054680,16.08,16.08,16.08,16.08,0
1735054685,16.08,16.08,16.08,16.08,0
1735054690,16.08,16.08,16.08,16.08,0
1735054695,16.09,16.09,16.09,16.09,0
1735054700,16.09,16.09,16.09,16.09,0
1735054705,16.09,16.09,16.09,16.09,0
1735054710,16.12,16.12,16.12,16.12,0
1735054715,16.12,16.12,16.12,16.12,0
1735054720,16.12,16.12,16.12,16.12,0
1735054725,16.11,16.11,16.11,16.11,0
1735054730,16.11,16.11,16.11,16.11,0
1735054735,16.11,16.11,16.11,16.11,0
1735054740,16.1,16.1,16.1,16.1,0
1735054745,16.1,16.1,16.1,16.1,0
1735054750,16.1,16.1,16.1,16.1,0
1735054755,16.11,16.11,16.11,16.11,0
1735054760,16.11,16.11,16.11,16.11,0
1735054765,16.11,16.11,16.11,16.11,0
1735054770,16.12,16.12,16.12,16.12,0
1735054775,16.12,16.12,16.12,16.12,0
1735054780,16.12,16.12,16.12,16.12,0
1735054785,16.11,16.11,16.11,16.11,0
1735054790,16.11,16.11,16.11,16.11,0
1735054795,16.11,16.11,16.11,16.11,0
1735054800,16.11,16.11,16.11,16.11,0
1735054805,16.11,16.11,16.11,16.11,0
1735054810,16.11,16.11,16.11,16.11,0
1735054815,16.07,16.07,16.07,16.07,0
1735054820,16.07,16.07,16.07,16.07,0
1735054825,16.07,16.07,16.07,16.07,0
1735054830,16.04,16.04,16.04,16.04,0
1735054835,16.04,16.04,16.04,16.04,0
1735054840,16.04,16.04,16.04,16.04,0
1735054845,16.07,16.07,16.07,16.07,0
1735054850,16.07,16.07,16.07,16.07,0
1735054855,16.07,16.07,16.07,16.07,0
1735054860,16.07,16.07,16.07,16.07,0
1735054865,16.07,16.07,16.07,16.07,0
1735054870,16.07,16.07,16.07,16.07,0
1735054875,16.05,16.05,16.05,16.05,0
1735054880,16.05,16.05,16.05,16.05,0
1735054885,16.05,16.05,16.05,16.05,0
1735054890,16.06,16.06,16.06,16.06,0
1735054895,16.06,16.06,16.06,16.06,0
1735054900,16.06,16.06,16.06,16.06,0
1735054905,16.05,16.05,16.05,16.05,0
1735054910,16.05,16.05,16.05,16.05,0
1735054915,16.05,16.05,16.05,16.05,0
1735054920,16.04,16.04,16.04,16.04,0
1735054925,16.04,16.04,16.04,16.04,0
1735054930,16.04,16.04,16.04,16.04,0
1735054935,16.0,16.0,16.0,16.0,0
1735054940,16.0,16.0,16.0,16.0,0
1735054945,16.0,16.0,16.0,16.0,0
1735054950,16.01,16.01,16.01,16.01,0
1735054955,16.01,16.01,16.01,16.01,0
1735054960,16.01,16.01,16.01,16.01,0
1735054965,16.02,16.02,16.02,16.02,0
1735054970,16.02,16.02,16.02,16.02,0
1735054975,16.02,16.02,16.02,16.02,0
1735054980,15.99,15.99,15.99,15.99,0
1735054985,15.99,15.99,15.99,15.99,0
1735054990,15.99,15.99,15.99,15.99,0
1735054995,15.97,15.97,15.97,15.97,0
1735055000,15.97,15.97,15.97,15.97,0
1735055005,15.97,15.97,15.97,15.97,0
1735055010,15.99,15.99,15.99,15.99,0
1735055015,15.99,15.99,15.99,15.99,0
1735055020,15.99,15.99,15.99,15.99,0
1735055025,16.01,16.01,16.01,16.01,0
1735055030,16.01,16.01,16.01,16.01,0
1735055035,16.01,16.01,16.01,16.01,0
1735055040,15.98,15.98,15.98,15.98,0
1735055045,15.98,15.98,15.98,15.98,0
1735055050,15.98,15.98,15.98,15.98,0
1735055055,15.96,15.96,15.96,15.96,0
1735055060,15.96,15.96,15.96,15.96,0
1735055065,15.96,15.96,15.96,15.96,0
1735055070,15.95,15.95,15.95,15.95,0
1735055075,15.95,15.95,15.95,15.95,0
1735055080,15.95,15.95,15.95,15.95,0
1735055085,15.96,15.96,15.96,15.96,0
1735055090,15.96,15.96,15.96,15.96,0
1735055095,15.96,15.96,15.96,15.96,0
1735055100,15.92,15.92,15.92,15.92,0
1735055105,15.92,15.92,15.92,15.92,0
1735055110,15.92,15.92,15.92,15.92,0
1735055115,15.92,15.92,15.92,15.92,0
1735055120,15.92,15.92,15.92,15.92,0
1735055125,15.92,15.92,15.92,15.92,0
1735055130,15.92,15.92,15.92,15.92,0
1735055135,15.92,15.92,15.92,15.92,0
1735055140,15.92,15.92,15.92,15.92,0
1735055145,15.92,15.92,15.92,15.92,0
1735055150,15.92,15.92,15.92,15.92,0
1735055155,15.92,15.92,15.92,15.92,0
1735055160,15.92,15.92,15.92,15.92,0
1735055165,15.92,15.92,15.92,15.92,0
1735055170,15.92,15.92,15.92,15.92,0
1735055175,15.89,15.89,15.89,15.89,0
1735055180,15.89,15.89,15.89,15.89,0
1735055185,15.89,15.89,15.89,15.89,0
1735055190,15.92,15.92,15.92,15.92,0
1735055195,15.92,15.92,15.92,15.92,0
1735055200,15.92,15.92,15.92,15.92,0
1735055205,15.92,15.92,15.92,15.92,0
1735055210,15.92,15.92,15.92,15.92,0
1735055215,15.92,15.92,15.92,15.92,0
1735055220,15.86,15.86,15.86,15.86,0
1735055225,15.86,15.86,15.86,15.86,0
1735055230,15.86,15.86,15.86,15.86,0
1735055235,15.86,15.86,15.86,15.86,0
1735055240,15.86,15.86,15.86,15.86,0
1735055245,15.86,15.86,15.86,15.86,0
1735055250,15.88,15.88,15.88,15.88,0
1735055255,15.88,15.88,15.88,15.88,0
1735055260,15.88,15.88,15.88,15.88,0
1735055265,15.86,15.86,15.86,15.86,0
1735055270,15.86,15.86,15.86,15.86,0
1735055275,15.86,15.86,15.86,15.86,0
1735055280,15.88,15.88,15.88,15.88,0
1735055285,15.88,15.88,15.88,15.88,0
1735055290,15.88,15.88,15.88,15.88,0
1735055295,15.89,15.89,15.89,15.89,0
1735055300,15.89,15.89,15.89,15.89,0
1735055305,15.89,15.89,15.89,15.89,0
1735055310,15.89,15.89,15.89,15.89,0
1735055315,15.89,15.89,15.89,15.89,0
1735055320,15.89,15.89,15.89,15.89,0
1735055325,15.88,15.88,15.88,15.88,0
1735055330,15.88,15.88,15.88,15.88,0
1735055335,15.88,15.88,15.88,15.88,0
1735055340,15.88,15.88,15.88,15.88,0
1735055345,15.88,15.88,15.88,15.88,0
1735055350,15.88,15.88,15.88,15.88,0
1735055355,15.86,15.86,15.86,15.86,0
1735055360,15.86,15.86,15.86,15.86,0
1735055365,15.86,15.86,15.86,15.86,0
1735055370,15.86,15.86,15.86,15.86,0
1735055375,15.86,15.86,15.86,15.86,0
1735055380,15.86,15.86,15.86,15.86,0
1735055385,15.85,15.85,15.85,15.85,0
1735055390,15.85,15.85,15.85,15.85,0
1735055395,15.85,15.85,15.85,15.85,0
1735055400,15.86,15.86,15.86,15.86,0
1735055405,15.86,15.86,15.86,15.86,0
1735055410,15.86,15.86,15.86,15.86,0
1735055415,15.87,15.87,15.87,15.87,0
1735055420,15.87,15.87,15.87,15.87,0
1735055425,15.87,15.87,15.87,15.87,0
1735055430,15.87,15.87,15.87,15.87,0
1735055435,15.87,15.87,15.87,15.87,0
1735055440,15.87,15.87,15.87,15.87,0
1735055445,15.86,15.86,15.86,15.86,0
1735055450,15.86,15.86,15.86,15.86,0
1735055455,15.86,15.86,15.86,15.86,0
1735055460,15.88,15.88,15.88,15.88,0
1735055465,15.88,15.88,15.88,15.88,0
1735055470,15.88,15.88,15.88,15.88,0
1735055475,15.88,15.88,15.88,15.88,0
1735055480,15.88,15.88,15.88,15.88,0
1735055485,15.88,15.88,15.88,15.88,0
1735055490,15.88,15.88,15.88,15.88,0
1735055495,15.88,15.88,15.88,15.88,0
1735055500,15.88,15.88,15.88,15.88,0
1735055505,15.87,15.87,15.87,15.87,0
1735055510,15.87,15.87,15.87,15.87,0
1735055515,15.87,15.87,15.87,15.87,0
1735055520,15.84,15.84,15.84,15.84,0
1735055525,15.84,15.84,15.84,15.84,0
1735055530,15.84,15.84,15.84,15.84,0
1735055535,15.89,15.89,15.89,15.89,0
1735055540,15.89,15.89,15.89,15.89,0
1735055545,15.89,15.89,15.89,15.89,0
1735055550,15.87,15.87,15.87,15.87,0
1735055555,15.87,15.87,15.87,15.87,0
1735055560,15.87,15.87,15.87,15.87,0
1735055565,15.87,15.87,15.87,15.87,0
1735055570,15.87,15.87,15.87,15.87,0
1735055575,15.87,15.87,15.87,15.87,0
1735055580,15.89,15.89,15.89,15.89,0
1735055585,15.89,15.89,15.89,15.89,0
1735055590,15.89,15.89,15.89,15.89,0
1735055595,15.93,15.93,15.93,15.93,0
1735055600,15.93,15.93,15.93,15.93,0
1735055605,15.93,15.93,15.93,15.93,0
1735055610,15.95,15.95,15.95,15.95,0
1735055615,15.95,15.95,15.95,15.95,0
1735055620,15.95,15.95,15.95,15.95,0
1735055625,15.97,15.97,15.97,15.97,0
1735055630,15.97,15.97,15.97,15.97,0
1735055635,15.97,15.97,15.97,15.97,0
1735055640,15.97,15.97,15.97,15.97,0
1735055645,15.97,15.97,15.97,15.97,0
1735055650,15.97,15.97,15.97,15.97,0
1735055655,15.99,15.99,15.99,15.99,0
1735055660,15.99,15.99,15.99,15.99,0
1735055665,15.99,15.99,15.99,15.99,0
1735055670,16.01,16.01,16.01,16.01,0
1735055675,16.01,16.01,16.01,16.01,0
1735055680,16.01,16.01,16.01,16.01,0
1735055685,16.01,16.01,16.01,16.01,0
1735055690,16.01,16.01,16.01,16.01,0
1735055695,16.01,16.01,16.01,16.01,0
1735055700,16.02,16.02,16.02,16.02,0
1735055705,16.02,16.02,16.02,16.02,0
1735055710,16.02,16.02,16.02,16.02,0
1735055715,16.0,16.0,16.0,16.0,0
1735055720,16.0,16.0,16.0,16.0,0
1735055725,16.0,16.0,16.0,16.0,0
1735055730,16.0,16.0,16.0,16.0,0
1735055735,16.0,16.0,16.0,16.0,0
1735055740,16.0,16.0,16.0,16.0,0
1735055745,15.97,15.97,15.97,15.97,0
1735055750,15.97,15.97,15.97,15.97,0
1735055755,15.97,15.97,15.97,15.97,0
1735055760,15.98,15.98,15.98,15.98,0
1735055765,15.98,15.98,15.98,15.98,0
1735055770,15.98,15.98,15.98,15.98,0
1735055775,15.99,15.99,15.99,15.99,0
1735055780,15.99,15.99,15.99,15.99,0
1735055785,15.99,15.99,15.99,15.99,0
1735055790,15.98,15.98,15.98,15.98,0
1735055795,15.98,15.98,15.98,15.98,0
1735055800,15.98,15.98,15.98,15.98,0
1735055805,15.94,15.94,15.94,15.94,0
1735055810,15.94,15.94,15.94,15.94,0
1735055815,15.94,15.94,15.94,15.94,0
1735055820,15.95,15.95,15.95,15.95,0
1735055825,15.95,15.95,15.95,15.95,0
1735055830,15.95,15.95,15.95,15.95,0
1735055835,15.94,15.94,15.94,15.94,0
1735055840,15.94,15.94,15.94,15.94,0
1735055845,15.94,15.94,15.94,15.94,0
1735055850,15.93,15.93,15.93,15.93,0
1735055855,15.93,15.93,15.93,15.93,0
1735055860,15.93,15.93,15.93,15.93,0
1735055865,15.93,15.93,15.93,15.93,0
1735055870,15.93,15.93,15.93,15.93,0
1735055875,15.93,15.93,15.93,15.93,0
1735055880,15.94,15.94,15.94,15.94,0
1735055885,15.94,15.94,15.94,15.94,0
1735055890,15.94,15.94,15.94,15.94,0
1735055895,15.96,15.96,15.96,15.96,0
1735055900,15.96,15.96,15.96,15.96,0
1735055905,15.96,15.96,15.96,15.96,0
1735055910,15.96,15.96,15.96,15.96,0
1735055915,15.96,15.96,15.96,15.96,0
1735055920,15.96,15.96,15.96,15.96,0
1735055925,15.95,15.95,15.95,15.95,0
1735055930,15.95,15.95,15.95,15.95,0
1735055935,15.95,15.95,15.95,15.95,0
1735055940,15.94,15.94,15.94,15.94,0
1735055945,15.94,15.94,15.94,15.94,0
1735055950,15.94,15.94,15.94,15.94,0
1735055955,15.94,15.94,15.94,15.94,0
1735055960,15.94,15.94,15.94,15.94,0
1735055965,15.94,15.94,15.94,15.94,0
1735055970,15.93,15.93,15.93,15.93,0
1735055975,15.93,15.93,15.93,15.93,0
1735055980,15.93,15.93,15.93,15.93,0
1735055985,15.94,15.94,15.94,15.94,0
1735055990,15.94,15.94,15.94,15.94,0
1735055995,15.94,15.94,15.94,15.94,0
1735056000,15.92,15.92,15.92,15.92,0
1735056005,15.92,15.92,15.92,15.92,0
1735056010,15.92,15.92,15.92,15.92,0
1735056015,15.93,15.93,15.93,15.93,0
1735056020,15.93,15.93,15.93,15.93,0
1735056025,15.93,15.93,15.93,15.93,0
1735056030,15.92,15.92,15.92,15.92,0
1735056035,15.92,15.92,15.92,15.92,0
1735056040,15.92,15.92,15.92,15.92,0
1735056045,15.93,15.93,15.93,15.93,0
1735056050,15.93,15.93,15.93,15.93,0
1735056055,15.93,15.93,15.93,15.93,0
1735056060,15.95,15.95,15.95,15.95,0
1735056065,15.95,15.95,15.95,15.95,0
1735056070,15.95,15.95,15.95,15.95,0
1735056075,15.93,15.93,15.93,15.93,0
1735056080,15.93,15.93,15.93,15.93,0
1735056085,15.93,15.93,15.93,15.93,0
1735056090,15.93,15.93,15.93,15.93,0
1735056095,15.93,15.93,15.93,15.93,0
1735056100,15.93,15.93,15.93,15.93,0
1735056105,15.92,15.92,15.92,15.92,0
1735056110,15.92,15.92,15.92,15.92,0
1735056115,15.92,15.92,15.92,15.92,0
1735056120,15.91,15.91,15.91,15.91,0
1735056125,15.91,15.91,15.91,15.91,0
1735056130,15.91,15.91,15.91,15.91,0
1735056135,15.94,15.94,15.94,15.94,0
1735056140,15.94,15.94,15.94,15.94,0
1735056145,15.94,15.94,15.94,15.94,0
1735056150,15.93,15.93,15.93,15.93,0
1735056155,15.93,15.93,15.93,15.93,0
1735056160,15.93,15.93,15.93,15.93,0
1735056165,15.93,15.93,15.93,15.93,0
1735056170,15.93,15.93,15.93,15.93,0
1735056175,15.93,15.93,15.93,15.93,0
1735056180,15.93,15.93,15.93,15.93,0
1735056185,15.93,15.93,15.93,15.93,0
1735056190,15.93,15.93,15.93,15.93,0
1735056195,15.91,15.91,15.91,15.91,0
1735056200,15.91,15.91,15.91,15.91,0
1735056205,15.91,15.91,15.91,15.91,0
1735056210,15.93,15.93,15.93,15.93,0
1735056215,15.93,15.93,15.93,15.93,0
1735056220,15.93,15.93,15.93,15.93,0
1735056225,15.93,15.93,15.93,15.93,0
1735056230,15.93,15.93,15.93,15.93,0
1735056235,15.93,15.93,15.93,15.93,0
1735056240,15.92,15.92,15.92,15.92,0
1735056245,15.92,15.92,15.92,15.92,0
1735056250,15.92,15.92,15.92,15.92,0
1735056255,15.92,15.92,15.92,15.92,0
1735056260,15.92,15.92,15.92,15.92,0
1735056265,15.92,15.92,15.92,15.92,0
1735056270,15.93,15.93,15.93,15.93,0
1735056275,15.93,15.93,15.93,15.93,0
1735056280,15.93,15.93,15.93,15.93,0
1735056285,15.94,15.94,15.94,15.94,0
1735056290,15.94,15.94,15.94,15.94,0
1735056295,15.94,15.94,15.94,15.94,0
1735056300,15.93,15.93,15.93,15.93,0
1735056305,15.93,15.93,15.93,15.93,0
1735056310,15.93,15.93,15.93,15.93,0
1735056315,15.95,15.95,15.95,15.95,0
1735056320,15.95,15.95,15.95,15.95,0
1735056325,15.95,15.95,15.95,15.95,0
1735056330,15.97,15.97,15.97,15.97,0
1735056335,15.97,15.97,15.97,15.97,0
1735056340,15.97,15.97,15.97,15.97,0
1735056345,15.98,15.98,15.98,15.98,0
1735056350,15.98,15.98,15.98,15.98,0
1735056355,15.98,15.98,15.98,15.98,0
1735056360,15.99,15.99,15.99,15.99,0
1735056365,15.99,15.99,15.99,15.99,0
1735056370,15.99,15.99,15.99,15.99,0
1735056375,16.0,16.0,16.0,16.0,0
1735056380,16.0,16.0,16.0,16.0,0
1735056385,16.0,16.0,16.0,16.0,0
1735056390,15.96,15.96,15.96,15.96,0
1735056395,15.96,15.96,15.96,15.96,0
1735056400,15.96,15.96,15.96,15.96,0
1735056405,15.95,15.95,15.95,15.95,0
1735056410,15.95,15.95,15.95,15.95,0
1735056415,15.95,15.95,15.95,15.95,0
1735056420,15.96,15.96,15.96,15.96,0
1735056425,15.96,15.96,15.96,15.96,0
1735056430,15.96,15.96,15.96,15.96,0
1735056435,15.98,15.98,15.98,15.98,0
1735056440,15.98,15.98,15.98,15.98,0
1735056445,15.98,15.98,15.98,15.98,0
1735056450,15.97,15.97,15.97,15.97,0
1735056455,15.97,15.97,15.97,15.97,0
1735056460,15.97,15.97,15.97,15.97,0
1735056465,15.98,15.98,15.98,15.98,0
1735056470,15.98,15.98,15.98,15.98,0
1735056475,15.98,15.98,15.98,15.98,0
1735056480,15.97,15.97,15.97,15.97,0
1735056485,15.97,15.97,15.97,15.97,0
1735056490,15.97,15.97,15.97,15.97,0
1735056495,15.98,15.98,15.98,15.98,0
1735056500,15.98,15.98,15.98,15.98,0
1735056505,15.98,15.98,15.98,15.98,0
1735056510,15.99,15.99,15.99,15.99,0
1735056515,15.99,15.99,15.99,15.99,0
1735056520,15.99,15.99,15.99,15.99,0
1735056525,15.97,15.97,15.97,15.97,0
1735056530,15.97,15.97,15.97,15.97,0
1735056535,15.97,15.97,15.97,15.97,0
1735056540,15.97,15.97,15.97,15.97,0
1735056545,15.97,15.97,15.97,15.97,0
1735056550,15.97,15.97,15.97,15.97,0
1735056555,15.98,15.98,15.98,15.98,0
1735056560,15.98,15.98,15.98,15.98,0
1735056565,15.98,15.98,15.98,15.98,0
1735056570,15.98,15.98,15.98,15.98,0
1735056575,15.98,15.98,15.98,15.98,0
1735056580,15.98,15.98,15.98,15.98,0
1735056585,15.96,15.96,15.96,15.96,0
1735056590,15.96,15.96,15.96,15.96,0
1735056595,15.96,15.96,15.96,15.96,0
1735056600,15.96,15.96,15.96,15.96,0
1735056605,15.96,15.96,15.96,15.96,0
1735056610,15.96,15.96,15.96,15.96,0
1735056615,15.99,15.99,15.99,15.99,0
1735056620,15.99,15.99,15.99,15.99,0
1735056625,15.99,15.99,15.99,15.99,0
1735056630,15.99,15.99,15.99,15.99,0
1735056635,15.99,15.99,15.99,15.99,0
1735056640,15.99,15.99,15.99,15.99,0
1735056645,15.98,15.98,15.98,15.98,0
1735056650,15.98,15.98,15.98,15.98,0
1735056655,15.98,15.98,15.98,15.98,0
1735056660,15.98,15.98,15.98,15.98,0
1735056665,15.98,15.98,15.98,15.98,0
1735056670,15.98,15.98,15.98,15.98,0
1735056675,15.97,15.97,15.97,15.97,0
1735056680,15.97,15.97,15.97,15.97,0
1735056685,15.97,15.97,15.97,15.97,0
1735056690,15.99,15.99,15.99,15.99,0
1735056695,15.99,15.99,15.99,15.99,0
1735056700,15.99,15.99,15.99,15.99,0
1735056705,16.01,16.01,16.01,16.01,0
1735056710,16.01,16.01,16.01,16.01,0
1735056715,16.01,16.01,16.01,16.01,0
1735056720,16.03,16.03,16.03,16.03,0
1735056725,16.03,16.03,16.03,16.03,0
1735056730,16.03,16.03,16.03,16.03,0
1735056735,16.03,16.03,16.03,16.03,0
1735056740,16.03,16.03,16.03,16.03,0
1735056745,16.03,16.03,16.03,16.03,0
1735056750,16.0,16.0,16.0,16.0,0
1735056755,16.0,16.0,16.0,16.0,0
1735056760,16.0,16.0,16.0,16.0,0
1735056765,15.98,15.98,15.98,15.98,0
1735056770,15.98,15.98,15.98,15.98,0
1735056775,15.98,15.98,15.98,15.98,0
1735056780,15.97,15.97,15.97,15.97,0
1735056785,15.97,15.97,15.97,15.97,0
1735056790,15.97,15.97,15.97,15.97,0
1735056795,15.97,15.97,15.97,15.97,0
1735056800,15.97,15.97,15.97,15.97,0
1735056805,15.97,15.97,15.97,15.97,0
1735056810,15.99,15.99,15.99,15.99,0
1735056815,15.99,15.99,15.99,15.99,0
1735056820,15.99,15.99,15.99,15.99,0
1735056825,15.98,15.98,15.98,15.98,0
1735056830,15.98,15.98,15.98,15.98,0
1735056835,15.98,15.98,15.98,15.98,0
1735056840,15.97,15.97,15.97,15.97,0
1735056845,15.97,15.97,15.97,15.97,0
1735056850,15.97,15.97,15.97,15.97,0
1735056855,15.98,15.98,15.98,15.98,0
1735056860,15.98,15.98,15.98,15.98,0
1735056865,15.98,15.98,15.98,15.98,0
1735056870,15.97,15.97,15.97,15.97,0
1735056875,15.97,15.97,15.97,15.97,0
1735056880,15.97,15.97,15.97,15.97,0
1735056885,15.98,15.98,15.98,15.98,0
1735056890,15.98,15.98,15.98,15.98,0
1735056895,15.98,15.98,15.98,15.98,0
1735056900,15.99,15.99,15.99,15.99,0
1735056905,15.99,15.99,15.99,15.99,0
1735056910,15.99,15.99,15.99,15.99,0
1735056915,15.97,15.97,15.97,15.97,0
1735056920,15.97,15.97,15.97,15.97,0
1735056925,15.97,15.97,15.97,15.97,0
1735056930,15.96,15.96,15.96,15.96,0
1735056935,15.96,15.96,15.96,15.96,0
1735056940,15.96,15.96,15.96,15.96,0
1735056945,15.94,15.94,15.94,15.94,0
1735056950,15.94,15.94,15.94,15.94,0
1735056955,15.94,15.94,15.94,15.94,0
1735056960,15.94,15.94,15.94,15.94,0
1735056965,15.94,15.94,15.94,15.94,0
1735056970,15.94,15.94,15.94,15.94,0
1735056975,15.93,15.93,15.93,15.93,0
1735056980,15.93,15.93,15.93,15.93,0
1735056985,15.93,15.93,15.93,15.93,0
1735056990,15.91,15.91,15.91,15.91,0
1735056995,15.91,15.91,15.91,15.91,0
1735057000,15.91,15.91,15.91,15.91,0
1735057005,15.9,15.9,15.9,15.9,0
1735057010,15.9,15.9,15.9,15.9,0
1735057015,15.9,15.9,15.9,15.9,0
1735057020,15.9,15.9,15.9,15.9,0
1735057025,15.9,15.9,15.9,15.9,0
1735057030,15.9,15.9,15.9,15.9,0
1735057035,15.88,15.88,15.88,15.88,0
1735057040,15.88,15.88,15.88,15.88,0
1735057045,15.88,15.88,15.88,15.88,0
1735057050,15.89,15.89,15.89,15.89,0
1735057055,15.89,15.89,15.89,15.89,0
1735057060,15.89,15.89,15.89,15.89,0
1735057065,15.89,15.89,15.89,15.89,0
1735057070,15.89,15.89,15.89,15.89,0
1735057075,15.89,15.89,15.89,15.89,0
1735057080,15.9,15.9,15.9,15.9,0
1735057085,15.9,15.9,15.9,15.9,0
1735057090,15.9,15.9,15.9,15.9,0
1735057095,15.9,15.9,15.9,15.9,0
1735057100,15.9,15.9,15.9,15.9,0
1735057105,15.9,15.9,15.9,15.9,0
1735057110,15.89,15.89,15.89,15.89,0
1735057115,15.89,15.89,15.89,15.89,0
1735057120,15.89,15.89,15.89,15.89,0
1735057125,15.92,15.92,15.92,15.92,0
1735057130,15.92,15.92,15.92,15.92,0
1735057135,15.92,15.92,15.92,15.92,0
1735057140,15.92,15.92,15.92,15.92,0
1735057145,15.92,15.92,15.92,15.92,0
1735057150,15.92,15.92,15.92,15.92,0
1735057155,15.94,15.94,15.94,15.94,0
1735057160,15.94,15.94,15.94,15.94,0
1735057165,15.94,15.94,15.94,15.94,0
1735057170,15.92,15.92,15.92,15.92,0
1735057175,15.92,15.92,15.92,15.92,0
1735057180,15.92,15.92,15.92,15.92,0
1735057185,15.94,15.94,15.94,15.94,0
1735057190,15.94,15.94,15.94,15.94,0
1735057195,15.94,15.94,15.94,15.94,0
1735057200,15.93,15.93,15.93,15.93,0
1735057205,15.93,15.93,15.93,15.93,0
1735057210,15.93,15.93,15.93,15.93,0
1735057215,15.94,15.94,15.94,15.94,0
1735057220,15.94,15.94,15.94,15.94,0
1735057225,15.94,15.94,15.94,15.94,0
1735057230,15.92,15.92,15.92,15.92,0
1735057235,15.92,15.92,15.92,15.92,0
1735057240,15.92,15.92,15.92,15.92,0
1735057245,15.91,15.91,15.91,15.91,0
1735057250,15.91,15.91,15.91,15.91,0
1735057255,15.91,15.91,15.91,15.91,0
1735057260,15.93,15.93,15.93,15.93,0
1735057265,15.93,15.93,15.93,15.93,0
1735057270,15.93,15.93,15.93,15.93,0
1735057275,15.95,15.95,15.95,15.95,0
1735057280,15.95,15.95,15.95,15.95,0
1735057285,15.95,15.95,15.95,15.95,0
1735057290,15.93,15.93,15.93,15.93,0
1735057295,15.93,15.93,15.93,15.93,0
1735057300,15.93,15.93,15.93,15.93,0
1735057305,15.94,15.94,15.94,15.94,0
1735057310,15.94,15.94,15.94,15.94,0
1735057315,15.94,15.94,15.94,15.94,0
1735057320,15.97,15.97,15.97,15.97,0
1735057325,15.97,15.97,15.97,15.97,0
1735057330,15.97,15.97,15.97,15.97,0
1735057335,15.94,15.94,15.94,15.94,0
1735057340,15.94,15.94,15.94,15.94,0
1735057345,15.94,15.94,15.94,15.94,0
1735057350,15.96,15.96,15.96,15.96,0
1735057355,15.96,15.96,15.96,15.96,0
1735057360,15.96,15.96,15.96,15.96,0
1735057365,15.97,15.97,15.97,15.97,0
1735057370,15.97,15.97,15.97,15.97,0
1735057375,15.97,15.97,15.97,15.97,0
1735057380,15.95,15.95,15.95,15.95,0
1735057385,15.95,15.95,15.95,15.95,0
1735057390,15.95,15.95,15.95,15.95,0
1735057395,15.96,15.96,15.96,15.96,0
1735057400,15.96,15.96,15.96,15.96,0
1735057405,15.96,15.96,15.96,15.96,0
1735057410,15.91,15.91,15.91,15.91,0
1735057415,15.91,15.91,15.91,15.91,0
1735057420,15.91,15.91,15.91,15.91,0
1735057425,15.9,15.9,15.9,15.9,0
1735057430,15.9,15.9,15.9,15.9,0
1735057435,15.9,15.9,15.9,15.9,0
1735057440,15.89,15.89,15.89,15.89,0
1735057445,15.89,15.89,15.89,15.89,0
1735057450,15.89,15.89,15.89,15.89,0
1735057455,15.89,15.89,15.89,15.89,0
1735057460,15.89,15.89,15.89,15.89,0
1735057465,15.89,15.89,15.89,15.89,0
1735057470,15.88,15.88,15.88,15.88,0
1735057475,15.88,15.88,15.88,15.88,0
1735057480,15.88,15.88,15.88,15.88,0
1735057485,15.87,15.87,15.87,15.87,0
1735057490,15.87,15.87,15.87,15.87,0
1735057495,15.87,15.87,15.87,15.87,0
1735057500,15.88,15.88,15.88,15.88,0
1735057505,15.88,15.88,15.88,15.88,0
1735057510,15.88,15.88,15.88,15.88,0
1735057515,15.87,15.87,15.87,15.87,0
1735057520,15.87,15.87,15.87,15.87,0
1735057525,15.87,15.87,15.87,15.87,0
1735057530,15.87,15.87,15.87,15.87,0
1735057535,15.87,15.87,15.87,15.87,0
1735057540,15.87,15.87,15.87,15.87,0
1735057545,15.85,15.85,15.85,15.85,0
1735057550,15.85,15.85,15.85,15.85,0
1735057555,15.85,15.85,15.85,15.85,0
1735057560,15.88,15.88,15.88,15.88,0
1735057565,15.88,15.88,15.88,15.88,0
1735057570,15.88,15.88,15.88,15.88,0
1735057575,15.89,15.89,15.89,15.89,0
1735057580,15.89,15.89,15.89,15.89,0
1735057585,15.89,15.89,15.89,15.89,0
1735057590,15.89,15.89,15.89,15.89,0
1735057595,15.89,15.89,15.89,15.89,0
1735057600,15.89,15.89,15.89,15.89,0
1735057605,15.89,15.89,15.89,15.89,0
1735057610,15.89,15.89,15.89,15.89,0
1735057615,15.89,15.89,15.89,15.89,0
1735057620,15.87,15.87,15.87,15.87,0
1735057625,15.87,15.87,15.87,15.87,0
1735057630,15.87,15.87,15.87,15.87,0
1735057635,15.84,15.84,15.84,15.84,0
1735057640,15.84,15.84,15.84,15.84,0
1735057645,15.84,15.84,15.84,15.84,0
1735057650,15.85,15.85,15.85,15.85,0
1735057655,15.85,15.85,15.85,15.85,0
1735057660,15.85,15.85,15.85,15.85,0
1735057665,15.85,15.85,15.85,15.85,0
1735057670,15.85,15.85,15.85,15.85,0
1735057675,15.85,15.85,15.85,15.85,0
1735057680,15.86,15.86,15.86,15.86,0
1735057685,15.86,15.86,15.86,15.86,0
1735057690,15.86,15.86,15.86,15.86,0
1735057695,15.84,15.84,15.84,15.84,0
1735057700,15.84,15.84,15.84,15.84,0
1735057705,15.84,15.84,15.84,15.84,0
1735057710,15.85,15.85,15.85,15.85,0
1735057715,15.85,15.85,15.85,15.85,0
1735057720,15.85,15.85,15.85,15.85,0
1735057725,15.86,15.86,15.86,15.86,0
1735057730,15.86,15.86,15.86,15.86,0
1735057735,15.86,15.86,15.86,15.86,0
1735057740,15.86,15.86,15.86,15.86,0
1735057745,15.86,15.86,15.86,15.86,0
1735057750,15.86,15.86,15.86,15.86,0
1735057755,15.86,15.86,15.86,15.86,0
1735057760,15.86,15.86,15.86,15.86,0
1735057765,15.86,15.86,15.86,15.86,0
1735057770,15.82,15.82,15.82,15.82,0
1735057775,15.82,15.82,15.82,15.82,0
1735057780,15.82,15.82,15.82,15.82,0
1735057785,15.82,15.82,15.82,15.82,0
1735057790,15.82,15.82,15.82,15.82,0
1735057795,15.82,15.82,15.82,15.82,0
1735057800,15.83,15.83,15.83,15.83,0
1735057805,15.83,15.83,15.83,15.83,0
1735057810,15.83,15.83,15.83,15.83,0
1735057815,15.84,15.84,15.84,15.84,0
1735057820,15.84,15.84,15.84,15.84,0
1735057825,15.84,15.84,15.84,15.84,0
1735057830,15.85,15.85,15.85,15.85,0
1735057835,15.85,15.85,15.85,15.85,0
1735057840,15.85,15.85,15.85,15.85,0
1735057845,15.85,15.85,15.85,15.85,0
1735057850,15.85,15.85,15.85,15.85,0
1735057855,15.85,15.85,15.85,15.85,0
1735057860,15.81,15.81,15.81,15.81,0
1735057865,15.81,15.81,15.81,15.81,0
1735057870,15.81,15.81,15.81,15.81,0
1735057875,15.8,15.8,15.8,15.8,0
1735057880,15.8,15.8,15.8,15.8,0
1735057885,15.8,15.8,15.8,15.8,0
1735057890,15.81,15.81,15.81,15.81,0
1735057895,15.81,15.81,15.81,15.81,0
1735057900,15.81,15.81,15.81,15.81,0
1735057905,15.77,15.77,15.77,15.77,0
1735057910,15.77,15.77,15.77,15.77,0
1735057915,15.77,15.77,15.77,15.77,0
1735057920,15.78,15.78,15.78,15.78,0
1735057925,15.78,15.78,15.78,15.78,0
1735057930,15.78,15.78,15.78,15.78,0
1735057935,15.79,15.79,15.79,15.79,0
1735057940,15.79,15.79,15.79,15.79,0
1735057945,15.79,15.79,15.79,15.79,0
1735057950,15.78,15.78,15.78,15.78,0
1735057955,15.78,15.78,15.78,15.78,0
1735057960,15.78,15.78,15.78,15.78,0
1735057965,15.78,15.78,15.78,15.78,0
1735057970,15.78,15.78,15.78,15.78,0
1735057975,15.78,15.78,15.78,15.78,0
1735057980,15.78,15.78,15.78,15.78,0
1735057985,15.78,15.78,15.78,15.78,0
1735057990,15.78,15.78,15.78,15.78,0
1735057995,15.77,15.77,15.77,15.77,0
1735058000,15.77,15.77,15.77,15.77,0
1735058005,15.77,15.77,15.77,15.77,0
1735058010,15.75,15.75,15.75,15.75,0
1735058015,15.75,15.75,15.75,15.75,0
1735058020,15.75,15.75,15.75,15.75,0
1735058025,15.75,15.75,15.75,15.75,0
1735058030,15.75,15.75,15.75,15.75,0
1735058035,15.75,15.75,15.75,15.75,0
1735058040,15.74,15.74,15.74,15.74,0
1735058045,15.74,15.74,15.74,15.74,0
1735058050,15.74,15.74,15.74,15.74,0
1735058055,15.74,15.74,15.74,15.74,0
1735058060,15.74,15.74,15.74,15.74,0
1735058065,15.74,15.74,15.74,15.74,0
1735058070,15.74,15.74,15.74,15.74,0
1735058075,15.74,15.74,15.74,15.74,0
1735058080,15.74,15.74,15.74,15.74,0
1735058085,15.73,15.73,15.73,15.73,0
1735058090,15.73,15.73,15.73,15.73,0
1735058095,15.73,15.73,15.73,15.73,0
1735058100,15.73,15.73,15.73,15.73,0
1735058105,15.73,15.73,15.73,15.73,0
1735058110,15.73,15.73,15.73,15.73,0
1735058115,15.71,15.71,15.71,15.71,0
1735058120,15.71,15.71,15.71,15.71,0
1735058125,15.71,15.71,15.71,15.71,0
1735058130,15.72,15.72,15.72,15.72,0
1735058135,15.72,15.72,15.72,15.72,0
1735058140,15.72,15.72,15.72,15.72,0
1735058145,15.73,15.73,15.73,15.73,0
1735058150,15.73,15.73,15.73,15.73,0
1735058155,15.73,15.73,15.73,15.73,0
1735058160,15.71,15.71,15.71,15.71,0
1735058165,15.71,15.71,15.71,15.71,0
1735058170,15.71,15.71,15.71,15.71,0
1735058175,15.71,15.71,15.71,15.71,0
1735058180,15.71,15.71,15.71,15.71,0
1735058185,15.71,15.71,15.71,15.71,0
1735058190,15.73,15.73,15.73,15.73,0
1735058195,15.73,15.73,15.73,15.73,0
1735058200,15.73,15.73,15.73,15.73,0
1735058205,15.72,15.72,15.72,15.72,0
1735058210,15.72,15.72,15.72,15.72,0
1735058215,15.72,15.72,15.72,15.72,0
1735058220,15.7,15.7,15.7,15.7,0
1735058225,15.7,15.7,15.7,15.7,0
1735058230,15.7,15.7,15.7,15.7,0
1735058235,15.67,15.67,15.67,15.67,0
1735058240,15.67,15.67,15.67,15.67,0
1735058245,15.67,15.67,15.67,15.67,0
1735058250,15.68,15.68,15.68,15.68,0
1735058255,15.68,15.68,15.68,15.68,0
1735058260,15.68,15.68,15.68,15.68,0
1735058265,15.67,15.67,15.67,15.67,0
1735058270,15.67,15.67,15.67,15.67,0
1735058275,15.67,15.67,15.67,15.67,0
1735058280,15.67,15.67,15.67,15.67,0
1735058285,15.67,15.67,15.67,15.67,0
1735058290,15.67,15.67,15.67,15.67,0
1735058295,15.67,15.67,15.67,15.67,0
1735058300,15.67,15.67,15.67,15.67,0
1735058305,15.67,15.67,15.67,15.67,0
1735058310,15.62,15.62,15.62,15.62,0
1735058315,15.62,15.62,15.62,15.62,0
1735058320,15.62,15.62,15.62,15.62,0
1735058325,15.65,15.65,15.65,15.65,0
1735058330,15.65,15.65,15.65,15.65,0
1735058335,15.65,15.65,15.65,15.65,0
1735058340,15.64,15.64,15.64,15.64,0
1735058345,15.64,15.64,15.64,15.64,0
1735058350,15.64,15.64,15.64,15.64,0
1735058355,15.63,15.63,15.63,15.63,0
1735058360,15.63,15.63,15.63,15.63,0
1735058365,15.63,15.63,15.63,15.63,0
1735058370,15.62,15.62,15.62,15.62,0
1735058375,15.62,15.62,15.62,15.62,0
1735058380,15.62,15.62,15.62,15.62,0
1735058385,15.63,15.63,15.63,15.63,0
1735058390,15.63,15.63,15.63,15.63,0
1735058395,15.63,15.63,15.63,15.63,0
1735058400,15.63,15.63,15.63,15.63,0
1735058405,15.63,15.63,15.63,15.63,0
1735058410,15.63,15.63,15.63,15.63,0
1735058415,15.61,15.61,15.61,15.61,0
1735058420,15.61,15.61,15.61,15.61,0
1735058425,15.61,15.61,15.61,15.61,0
1735058430,15.61,15.61,15.61,15.61,0
1735058435,15.61,15.61,15.61,15.61,0
1735058440,15.61,15.61,15.61,15.61,0
1735058445,15.59,15.59,15.59,15.59,0
1735058450,15.59,15.59,15.59,15.59,0
1735058455,15.59,15.59,15.59,15.59,0
1735058460,15.58,15.58,15.58,15.58,0
1735058465,15.58,15.58,15.58,15.58,0
1735058470,15.58,15.58,15.58,15.58,0
1735058475,15.58,15.58,15.58,15.58,0
1735058480,15.58,15.58,15.58,15.58,0
1735058485,15.58,15.58,15.58,15.58,0
1735058490,15.6,15.6,15.6,15.6,0
1735058495,15.6,15.6,15.6,15.6,0
1735058500,15.6,15.6,15.6,15.6,0
1735058505,15.59,15.59,15.59,15.59,0
1735058510,15.59,15.59,15.59,15.59,0
1735058515,15.59,15.59,15.59,15.59,0
1735058520,15.61,15.61,15.61,15.61,0
1735058525,15.61,15.61,15.61,15.61,0
1735058530,15.61,15.61,15.61,15.61,0
1735058535,15.6,15.6,15.6,15.6,0
1735058540,15.6,15.6,15.6,15.6,0
1735058545,15.6,15.6,15.6,15.6,0
1735058550,15.57,15.57,15.57,15.57,0
1735058555,15.57,15.57,15.57,15.57,0
1735058560,15.57,15.57,15.57,15.57,0
1735058565,15.58,15.58,15.58,15.58,0
1735058570,15.58,15.58,15.58,15.58,0
1735058575,15.58,15.58,15.58,15.58,0
1735058580,15.57,15.57,15.57,15.57,0
1735058585,15.57,15.57,15.57,15.57,0
1735058590,15.57,15.57,15.57,15.57,0
1735058595,15.57,15.57,15.57,15.57,0
1735058600,15.57,15.57,15.57,15.57,0
1735058605,15.57,15.57,15.57,15.57,0
1735058610,15.57,15.57,15.57,15.57,0
1735058615,15.57,15.57,15.57,15.57,0
1735058620,15.57,15.57,15.57,15.57,0
1735058625,15.55,15.55,15.55,15.55,0
1735058630,15.55,15.55,15.55,15.55,0
1735058635,15.55,15.55,15.55,15.55,0
1735058640,15.55,15.55,15.55,15.55,0
1735058645,15.55,15.55,15.55,15.55,0
1735058650,15.55,15.55,15.55,15.55,0
1735058655,15.56,15.56,15.56,15.56,0
1735058660,15.56,15.56,15.56,15.56,0
1735058665,15.56,15.56,15.56,15.56,0
1735058670,15.54,15.54,15.54,15.54,0
1735058675,15.54,15.54,15.54,15.54,0
1735058680,15.54,15.54,15.54,15.54,0
1735058685,15.53,15.53,15.53,15.53,0
1735058690,15.53,15.53,15.53,15.53,0
1735058695,15.53,15.53,15.53,15.53,0
1735058700,15.52,15.52,15.52,15.52,0
1735058705,15.52,15.52,15.52,15.52,0
1735058710,15.52,15.52,15.52,15.52,0
1735058715,15.54,15.54,15.54,15.54,0
1735058720,15.54,15.54,15.54,15.54,0
1735058725,15.54,15.54,15.54,15.54,0
1735058730,15.54,15.54,15.54,15.54,0
1735058735,15.54,15.54,15.54,15.54,0
1735058740,15.54,15.54,15.54,15.54,0
1735058745,15.54,15.54,15.54,15.54,0
1735058750,15.54,15.54,15.54,15.54,0
1735058755,15.54,15.54,15.54,15.54,0
1735058760,15.55,15.55,15.55,15.55,0
1735058765,15.55,15.55,15.55,15.55,0
1735058770,15.55,15.55,15.55,15.55,0
1735058775,15.54,15.54,15.54,15.54,0
1735058780,15.54,15.54,15.54,15.54,0
1735058785,15.54,15.54,15.54,15.54,0
1735058790,15.54,15.54,15.54,15.54,0
1735058795,15.54,15.54,15.54,15.54,0
1735058800,15.54,15.54,15.54,15.54,0
1735058805,15.52,15.52,15.52,15.52,0
1735058810,15.52,15.52,15.52,15.52,0
1735058815,15.52,15.52,15.52,15.52,0
1735058820,15.53,15.53,15.53,15.53,0
1735058825,15.53,15.53,15.53,15.53,0
1735058830,15.53,15.53,15.53,15.53,0
1735058835,15.53,15.53,15.53,15.53,0
1735058840,15.53,15.53,15.53,15.53,0
1735058845,15.53,15.53,15.53,15.53,0
1735058850,15.52,15.52,15.52,15.52,0
1735058855,15.52,15.52,15.52,15.52,0
1735058860,15.52,15.52,15.52,15.52,0
1735058865,15.54,15.54,15.54,15.54,0
1735058870,15.54,15.54,15.54,15.54,0
1735058875,15.54,15.54,15.54,15.54,0
1735058880,15.53,15.53,15.53,15.53,0
1735058885,15.53,15.53,15.53,15.53,0
1735058890,15.53,15.53,15.53,15.53,0
1735058895,15.53,15.53,15.53,15.53,0
1735058900,15.53,15.53,15.53,15.53,0
1735058905,15.53,15.53,15.53,15.53,0
1735058910,15.53,15.53,15.53,15.53,0
1735058915,15.53,15.53,15.53,15.53,0
1735058920,15.53,15.53,15.53,15.53,0
1735058925,15.53,15.53,15.53,15.53,0
1735058930,15.53,15.53,15.53,15.53,0
1735058935,15.53,15.53,15.53,15.53,0
1735058940,15.56,15.56,15.56,15.56,0
1735058945,15.56,15.56,15.56,15.56,0
1735058950,15.56,15.56,15.56,15.56,0
1735058955,15.57,15.57,15.57,15.57,0
1735058960,15.57,15.57,15.57,15.57,0
1735058965,15.57,15.57,15.57,15.57,0
1735058970,15.56,15.56,15.56,15.56,0
1735058975,15.56,15.56,15.56,15.56,0
1735058980,15.56,15.56,15.56,15.56,0
1735058985,15.56,15.56,15.56,15.56,0
1735058990,15.56,15.56,15.56,15.56,0
1735058995,15.56,15.56,15.56,15.56,0
1735059000,15.57,15.57,15.57,15.57,0
1735059005,15.57,15.57,15.57,15.57,0
1735059010,15.57,15.57,15.57,15.57,0
1735059015,15.57,15.57,15.57,15.57,0
1735059020,15.57,15.57,15.57,15.57,0
1735059025,15.57,15.57,15.57,15.57,0
1735059030,15.51,15.51,15.51,15.51,0
1735059035,15.51,15.51,15.51,15.51,0
1735059040,15.51,15.51,15.51,15.51,0
1735059045,15.54,15.54,15.54,15.54,0
1735059050,15.54,15.54,15.54,15.54,0
1735059055,15.54,15.54,15.54,15.54,0
1735059060,15.54,15.54,15.54,15.54,0
1735059065,15.54,15.54,15.54,15.54,0
1735059070,15.54,15.54,15.54,15.54,0
1735059075,15.55,15.55,15.55,15.55,0
1735059080,15.55,15.55,15.55,15.55,0
1735059085,15.55,15.55,15.55,15.55,0
1735059090,15.55,15.55,15.55,15.55,0
1735059095,15.55,15.55,15.55,15.55,0
1735059100,15.55,15.55,15.55,15.55,0
1735059105,15.56,15.56,15.56,15.56,0
1735059110,15.56,15.56,15.56,15.56,0
1735059115,15.56,15.56,15.56,15.56,0
1735059120,15.57,15.57,15.57,15.57,0
1735059125,15.57,15.57,15.57,15.57,0
1735059130,15.57,15.57,15.57,15.57,0
1735059135,15.64,15.64,15.64,15.64,0
1735059140,15.64,15.64,15.64,15.64,0
1735059145,15.64,15.64,15.64,15.64,0
1735059150,15.65,15.65,15.65,15.65,0
1735059155,15.65,15.65,15.65,15.65,0
1735059160,15.65,15.65,15.65,15.65,0
1735059165,15.65,15.65,15.65,15.65,0
1735059170,15.65,15.65,15.65,15.65,0
1735059175,15.65,15.65,15.65,15.65,0
1735059180,15.65,15.65,15.65,15.65,0
1735059185,15.65,15.65,15.65,15.65,0
1735059190,15.65,15.65,15.65,15.65,0
1735059195,15.64,15.64,15.64,15.64,0
1735059200,15.64,15.64,15.64,15.64,0
1735059205,15.64,15.64,15.64,15.64,0
1735059210,15.7,15.7,15.7,15.7,0
1735059215,15.7,15.7,15.7,15.7,0
1735059220,15.7,15.7,15.7,15.7,0
1735059225,15.74,15.74,15.74,15.74,0
1735059230,15.74,15.74,15.74,15.74,0
1735059235,15.74,15.74,15.74,15.74,0
1735059240,15.75,15.75,15.75,15.75,0
1735059245,15.75,15.75,15.75,15.75,0
1735059250,15.75,15.75,15.75,15.75,0
1735059255,15.86,15.86,15.86,15.86,0
1735059260,15.86,15.86,15.86,15.86,0
1735059265,15.86,15.86,15.86,15.86,0
1735059270,15.87,15.87,15.87,15.87,0
1735059275,15.87,15.87,15.87,15.87,0
1735059280,15.87,15.87,15.87,15.87,0
1735059285,15.82,15.82,15.82,15.82,0
1735059290,15.82,15.82,15.82,15.82,0
1735059295,15.82,15.82,15.82,15.82,0
1735059300,15.78,15.78,15.78,15.78,0
1735059305,15.78,15.78,15.78,15.78,0
1735059310,15.78,15.78,15.78,15.78,0
1735059315,15.76,15.76,15.76,15.76,0
1735059320,15.76,15.76,15.76,15.76,0
1735059325,15.76,15.76,15.76,15.76,0
1735059330,15.7,15.7,15.7,15.7,0
1735059335,15.7,15.7,15.7,15.7,0
1735059340,15.7,15.7,15.7,15.7,0
1735059345,15.67,15.67,15.67,15.67,0
1735059350,15.67,15.67,15.67,15.67,0
1735059355,15.67,15.67,15.67,15.67,0
1735059360,15.66,15.66,15.66,15.66,0
1735059365,15.66,15.66,15.66,15.66,0
1735059370,15.66,15.66,15.66,15.66,0
1735059375,15.67,15.67,15.67,15.67,0
1735059380,15.67,15.67,15.67,15.67,0
1735059385,15.67,15.67,15.67,15.67,0
1735059390,15.68,15.68,15.68,15.68,0
1735059395,15.68,15.68,15.68,15.68,0
1735059400,15.68,15.68,15.68,15.68,0
1735059405,15.68,15.68,15.68,15.68,0
1735059410,15.68,15.68,15.68,15.68,0
1735059415,15.68,15.68,15.68,15.68,0
1735059420,15.68,15.68,15.68,15.68,0
1735059425,15.68,15.68,15.68,15.68,0
1735059430,15.68,15.68,15.68,15.68,0
1735059435,15.67,15.67,15.67,15.67,0
1735059440,15.67,15.67,15.67,15.67,0
1735059445,15.67,15.67,15.67,15.67,0
1735059450,15.66,15.66,15.66,15.66,0
1735059455,15.66,15.66,15.66,15.66,0
1735059460,15.66,15.66,15.66,15.66,0
1735059465,15.64,15.64,15.64,15.64,0
1735059470,15.64,15.64,15.64,15.64,0
1735059475,15.64,15.64,15.64,15.64,0
1735059480,15.63,15.63,15.63,15.63,0
1735059485,15.63,15.63,15.63,15.63,0
1735059490,15.63,15.63,15.63,15.63,0
1735059495,15.66,15.66,15.66,15.66,0
1735059500,15.66,15.66,15.66,15.66,0
1735059505,15.66,15.66,15.66,15.66,0
1735059510,15.64,15.64,15.64,15.64,0
1735059515,15.64,15.64,15.64,15.64,0
1735059520,15.64,15.64,15.64,15.64,0
1735059525,15.64,15.64,15.64,15.64,0
1735059530,15.64,15.64,15.64,15.64,0
1735059535,15.64,15.64,15.64,15.64,0
1735059540,15.64,15.64,15.64,15.64,0
1735059545,15.64,15.64,15.64,15.64,0
1735059550,15.64,15.64,15.64,15.64,0
1735059555,15.67,15.67,15.67,15.67,0
1735059560,15.67,15.67,15.67,15.67,0
1735059565,15.67,15.67,15.67,15.67,0
1735059570,15.71,15.71,15.71,15.71,0
1735059575,15.71,15.71,15.71,15.71,0
1735059580,15.71,15.71,15.71,15.71,0
1735059585,15.72,15.72,15.72,15.72,0
1735059590,15.72,15.72,15.72,15.72,0
1735059595,15.72,15.72,15.72,15.72,0
1735059600,15.71,15.71,15.71,15.71,0
1735059605,15.71,15.71,15.71,15.71,0
1735059610,15.71,15.71,15.71,15.71,0
1735059615,15.72,15.72,15.72,15.72,0
1735059620,15.72,15.72,15.72,15.72,0
1735059625,15.72,15.72,15.72,15.72,0
1735059630,15.67,15.67,15.67,15.67,0
1735059635,15.67,15.67,15.67,15.67,0
1735059640,15.67,15.67,15.67,15.67,0
1735059645,15.64,15.64,15.64,15.64,0
1735059650,15.64,15.64,15.64,15.64,0
1735059655,15.64,15.64,15.64,15.64,0
1735059660,15.63,15.63,15.63,15.63,0
1735059665,15.63,15.63,15.63,15.63,0
1735059670,15.63,15.63,15.63,15.63,0
1735059675,15.65,15.65,15.65,15.65,0
1735059680,15.65,15.65,15.65,15.65,0
1735059685,15.65,15.65,15.65,15.65,0
1735059690,15.64,15.64,15.64,15.64,0
1735059695,15.64,15.64,15.64,15.64,0
1735059700,15.64,15.64,15.64,15.64,0
1735059705,15.64,15.64,15.64,15.64,0
1735059710,15.64,15.64,15.64,15.64,0
1735059715,15.64,15.64,15.64,15.64,0
1735059720,15.64,15.64,15.64,15.64,0
1735059725,15.64,15.64,15.64,15.64,0
1735059730,15.64,15.64,15.64,15.64,0
1735059735,15.64,15.64,15.64,15.64,0
1735059740,15.64,15.64,15.64,15.64,0
1735059745,15.64,15.64,15.64,15.64,0
1735059750,15.61,15.61,15.61,15.61,0
1735059755,15.61,15.61,15.61,15.61,0
1735059760,15.61,15.61,15.61,15.61,0
1735059765,15.59,15.59,15.59,15.59,0
1735059770,15.59,15.59,15.59,15.59,0
1735059775,15.59,15.59,15.59,15.59,0
1735059780,15.6,15.6,15.6,15.6,0
1735059785,15.6,15.6,15.6,15.6,0
1735059790,15.6,15.6,15.6,15.6,0
1735059795,15.61,15.61,15.61,15.61,0
1735059800,15.61,15.61,15.61,15.61,0
1735059805,15.61,15.61,15.61,15.61,0
1735059810,15.6,15.6,15.6,15.6,0
1735059815,15.6,15.6,15.6,15.6,0
1735059820,15.6,15.6,15.6,15.6,0
1735059825,15.61,15.61,15.61,15.61,0
1735059830,15.61,15.61,15.61,15.61,0
1735059835,15.61,15.61,15.61,15.61,0
1735059840,15.6,15.6,15.6,15.6,0
1735059845,15.6,15.6,15.6,15.6,0
1735059850,15.6,15.6,15.6,15.6,0
1735059855,15.59,15.59,15.59,15.59,0
1735059860,15.59,15.59,15.59,15.59,0
1735059865,15.59,15.59,15.59,15.59,0
1735059870,15.6,15.6,15.6,15.6,0
1735059875,15.6,15.6,15.6,15.6,0
1735059880,15.6,15.6,15.6,15.6,0
1735059885,15.59,15.59,15.59,15.59,0
1735059890,15.59,15.59,15.59,15.59,0
1735059895,15.59,15.59,15.59,15.59,0
1735059900,15.59,15.59,15.59,15.59,0
1735059905,15.59,15.59,15.59,15.59,0
1735059910,15.59,15.59,15.59,15.59,0
1735059915,15.57,15.57,15.57,15.57,0
1735059920,15.57,15.57,15.57,15.57,0
1735059925,15.57,15.57,15.57,15.57,0
1735059930,15.58,15.58,15.58,15.58,0
1735059935,15.58,15.58,15.58,15.58,0
1735059940,15.58,15.58,15.58,15.58,0
1735059945,15.55,15.55,15.55,15.55,0
1735059950,15.55,15.55,15.55,15.55,0
1735059955,15.55,15.55,15.55,15.55,0
1735059960,15.57,15.57,15.57,15.57,0
1735059965,15.57,15.57,15.57,15.57,0
1735059970,15.57,15.57,15.57,15.57,0
1735059975,15.57,15.57,15.57,15.57,0
1735059980,15.57,15.57,15.57,15.57,0
1735059985,15.57,15.57,15.57,15.57,0
1735059990,15.57,15.57,15.57,15.57,0
1735059995,15.57,15.57,15.57,15.57,0
1735060000,15.57,15.57,15.57,15.57,0
1735060005,15.57,15.57,15.57,15.57,0
1735060010,15.57,15.57,15.57,15.57,0
1735060015,15.57,15.57,15.57,15.57,0
1735060020,15.57,15.57,15.57,15.57,0
1735060025,15.57,15.57,15.57,15.57,0
1735060030,15.57,15.57,15.57,15.57,0
1735060035,15.56,15.56,15.56,15.56,0
1735060040,15.56,15.56,15.56,15.56,0
1735060045,15.56,15.56,15.56,15.56,0
1735060050,15.56,15.56,15.56,15.56,0
1735060055,15.56,15.56,15.56,15.56,0
1735060060,15.56,15.56,15.56,15.56,0
1735060065,15.55,15.55,15.55,15.55,0
1735060070,15.55,15.55,15.55,15.55,0
1735060075,15.55,15.55,15.55,15.55,0
1735060080,15.54,15.54,15.54,15.54,0
1735060085,15.54,15.54,15.54,15.54,0
1735060090,15.54,15.54,15.54,15.54,0
1735060095,15.53,15.53,15.53,15.53,0
1735060100,15.53,15.53,15.53,15.53,0
1735060105,15.53,15.53,15.53,15.53,0
1735060110,15.55,15.55,15.55,15.55,0
1735060115,15.55,15.55,15.55,15.55,0
1735060120,15.55,15.55,15.55,15.55,0
1735060125,15.52,15.52,15.52,15.52,0
1735060130,15.52,15.52,15.52,15.52,0
1735060135,15.52,15.52,15.52,15.52,0
1735060140,15.52,15.52,15.52,15.52,0
1735060145,15.52,15.52,15.52,15.52,0
1735060150,15.52,15.52,15.52,15.52,0
1735060155,15.5,15.5,15.5,15.5,0
1735060160,15.5,15.5,15.5,15.5,0
1735060165,15.5,15.5,15.5,15.5,0
1735060170,15.47,15.47,15.47,15.47,0
1735060175,15.47,15.47,15.47,15.47,0
1735060180,15.47,15.47,15.47,15.47,0
1735060185,15.49,15.49,15.49,15.49,0
1735060190,15.49,15.49,15.49,15.49,0
1735060195,15.49,15.49,15.49,15.49,0
1735060200,15.46,15.46,15.46,15.46,0
1735060205,15.46,15.46,15.46,15.46,0
1735060210,15.46,15.46,15.46,15.46,0
1735060215,15.45,15.45,15.45,15.45,0
1735060220,15.45,15.45,15.45,15.45,0
1735060225,15.45,15.45,15.45,15.45,0
1735060230,15.45,15.45,15.45,15.45,0
1735060235,15.45,15.45,15.45,15.45,0
1735060240,15.45,15.45,15.45,15.45,0
1735060245,15.45,15.45,15.45,15.45,0
1735060250,15.45,15.45,15.45,15.45,0
1735060255,15.45,15.45,15.45,15.45,0
1735060260,15.47,15.47,15.47,15.47,0
1735060265,15.47,15.47,15.47,15.47,0
1735060270,15.47,15.47,15.47,15.47,0
1735060275,15.48,15.48,15.48,15.48,0
1735060280,15.48,15.48,15.48,15.48,0
1735060285,15.48,15.48,15.48,15.48,0
1735060290,15.45,15.45,15.45,15.45,0
1735060295,15.45,15.45,15.45,15.45,0
1735060300,15.45,15.45,15.45,15.45,0
1735060305,15.44,15.44,15.44,15.44,0
1735060310,15.44,15.44,15.44,15.44,0
1735060315,15.44,15.44,15.44,15.44,0
1735060320,15.41,15.41,15.41,15.41,0
1735060325,15.41,15.41,15.41,15.41,0
1735060330,15.41,15.41,15.41,15.41,0
1735060335,15.41,15.41,15.41,15.41,0
1735060340,15.41,15.41,15.41,15.41,0
1735060345,15.41,15.41,15.41,15.41,0
1735060350,15.43,15.43,15.43,15.43,0
1735060355,15.43,15.43,15.43,15.43,0
1735060360,15.43,15.43,15.43,15.43,0
1735060365,15.37,15.37,15.37,15.37,0
1735060370,15.37,15.37,15.37,15.37,0
1735060375,15.37,15.37,15.37,15.37,0
1735060380,15.39,15.39,15.39,15.39,0
1735060385,15.39,15.39,15.39,15.39,0
1735060390,15.39,15.39,15.39,15.39,0
1735060395,15.38,15.38,15.38,15.38,0
1735060400,15.38,15.38,15.38,15.38,0
1735060405,15.38,15.38,15.38,15.38,0
1735060410,15.33,15.33,15.33,15.33,0
1735060415,15.33,15.33,15.33,15.33,0
1735060420,15.33,15.33,15.33,15.33,0
1735060425,15.36,15.36,15.36,15.36,0
1735060430,15.36,15.36,15.36,15.36,0
1735060435,15.36,15.36,15.36,15.36,0
1735060440,15.34,15.34,15.34,15.34,0
1735060445,15.34,15.34,15.34,15.34,0
1735060450,15.34,15.34,15.34,15.34,0
1735060455,15.36,15.36,15.36,15.36,0
1735060460,15.36,15.36,15.36,15.36,0
1735060465,15.36,15.36,15.36,15.36,0
1735060470,15.35,15.35,15.35,15.35,0
1735060475,15.35,15.35,15.35,15.35,0
1735060480,15.35,15.35,15.35,15.35,0
1735060485,15.34,15.34,15.34,15.34,0
1735060490,15.34,15.34,15.34,15.34,0
1735060495,15.34,15.34,15.34,15.34,0
1735060500,15.33,15.33,15.33,15.33,0
1735060505,15.33,15.33,15.33,15.33,0
1735060510,15.33,15.33,15.33,15.33,0
1735060515,15.33,15.33,15.33,15.33,0
1735060520,15.33,15.33,15.33,15.33,0
1735060525,15.33,15.33,15.33,15.33,0
1735060530,15.35,15.35,15.35,15.35,0
1735060535,15.35,15.35,15.35,15.35,0
1735060540,15.35,15.35,15.35,15.35,0
1735060545,15.35,15.35,15.35,15.35,0
1735060550,15.35,15.35,15.35,15.35,0
1735060555,15.35,15.35,15.35,15.35,0
1735060560,15.35,15.35,15.35,15.35,0
1735060565,15.35,15.35,15.35,15.35,0
1735060570,15.35,15.35,15.35,15.35,0
1735060575,15.37,15.37,15.37,15.37,0
1735060580,15.37,15.37,15.37,15.37,0
1735060585,15.37,15.37,15.37,15.37,0
1735060590,15.38,15.38,15.38,15.38,0
1735060595,15.38,15.38,15.38,15.38,0
1735060600,15.38,15.38,15.38,15.38,0
1735060605,15.37,15.37,15.37,15.37,0
1735060610,15.37,15.37,15.37,15.37,0
1735060615,15.37,15.37,15.37,15.37,0
1735060620,15.36,15.36,15.36,15.36,0
1735060625,15.36,15.36,15.36,15.36,0
1735060630,15.36,15.36,15.36,15.36,0
1735060635,15.32,15.32,15.32,15.32,0
1735060640,15.32,15.32,15.32,15.32,0
1735060645,15.32,15.32,15.32,15.32,0
1735060650,15.34,15.34,15.34,15.34,0
1735060655,15.34,15.34,15.34,15.34,0
1735060660,15.34,15.34,15.34,15.34,0
1735060665,15.34,15.34,15.34,15.34,0
1735060670,15.34,15.34,15.34,15.34,0
1735060675,15.34,15.34,15.34,15.34,0
1735060680,15.34,15.34,15.34,15.34,0
1735060685,15.34,15.34,15.34,15.34,0
1735060690,15.34,15.34,15.34,15.34,0
1735060695,15.31,15.31,15.31,15.31,0
1735060700,15.31,15.31,15.31,15.31,0
1735060705,15.31,15.31,15.31,15.31,0
1735060710,15.34,15.34,15.34,15.34,0
1735060715,15.34,15.34,15.34,15.34,0
1735060720,15.34,15.34,15.34,15.34,0
1735060725,15.32,15.32,15.32,15.32,0
1735060730,15.32,15.32,15.32,15.32,0
1735060735,15.32,15.32,15.32,15.32,0
1735060740,15.26,15.26,15.26,15.26,0
1735060745,15.26,15.26,15.26,15.26,0
1735060750,15.26,15.26,15.26,15.26,0
1735060755,15.29,15.29,15.29,15.29,0
1735060760,15.29,15.29,15.29,15.29,0
1735060765,15.29,15.29,15.29,15.29,0
1735060770,15.28,15.28,15.28,15.28,0
1735060775,15.28,15.28,15.28,15.28,0
1735060780,15.28,15.28,15.28,15.28,0
1735060785,15.27,15.27,15.27,15.27,0
1735060790,15.27,15.27,15.27,15.27,0
1735060795,15.27,15.27,15.27,15.27,0
1735060800,15.27,15.27,15.27,15.27,0
1735060805,15.27,15.27,15.27,15.27,0
1735060810,15.27,15.27,15.27,15.27,0
1735060815,15.28,15.28,15.28,15.28,0
1735060820,15.28,15.28,15.28,15.28,0
1735060825,15.28,15.28,15.28,15.28,0
1735060830,15.27,15.27,15.27,15.27,0
1735060835,15.27,15.27,15.27,15.27,0
1735060840,15.27,15.27,15.27,15.27,0
1735060845,15.27,15.27,15.27,15.27,0
1735060850,15.27,15.27,15.27,15.27,0
1735060855,15.27,15.27,15.27,15.27,0
1735060860,15.24,15.24,15.24,15.24,0
1735060865,15.24,15.24,15.24,15.24,0
1735060870,15.24,15.24,15.24,15.24,0
1735060875,15.26,15.26,15.26,15.26,0
1735060880,15.26,15.26,15.26,15.26,0
1735060885,15.26,15.26,15.26,15.26,0
1735060890,15.26,15.26,15.26,15.26,0
1735060895,15.26,15.26,15.26,15.26,0
1735060900,15.26,15.26,15.26,15.26,0
1735060905,15.26,15.26,15.26,15.26,0
1735060910,15.26,15.26,15.26,15.26,0
1735060915,15.26,15.26,15.26,15.26,0
1735060920,15.23,15.23,15.23,15.23,0
1735060925,15.23,15.23,15.23,15.23,0
1735060930,15.23,15.23,15.23,15.23,0
1735060935,15.23,15.23,15.23,15.23,0
1735060940,15.23,15.23,15.23,15.23,0
1735060945,15.23,15.23,15.23,15.23,0
1735060950,15.25,15.25,15.25,15.25,0
1735060955,15.25,15.25,15.25,15.25,0
1735060960,15.25,15.25,15.25,15.25,0
1735060965,15.22,15.22,15.22,15.22,0
1735060970,15.22,15.22,15.22,15.22,0
1735060975,15.22,15.22,15.22,15.22,0
1735060980,15.24,15.24,15.24,15.24,0
1735060985,15.24,15.24,15.24,15.24,0
1735060990,15.24,15.24,15.24,15.24,0
1735060995,15.22,15.22,15.22,15.22,0
1735061000,15.22,15.22,15.22,15.22,0
1735061005,15.22,15.22,15.22,15.22,0
1735061010,15.22,15.22,15.22,15.22,0
1735061015,15.22,15.22,15.22,15.22,0
1735061020,15.22,15.22,15.22,15.22,0
1735061025,15.21,15.21,15.21,15.21,0
1735061030,15.21,15.21,15.21,15.21,0
1735061035,15.21,15.21,15.21,15.21,0
1735061040,15.24,15.24,15.24,15.24,0
1735061045,15.24,15.24,15.24,15.24,0
1735061050,15.24,15.24,15.24,15.24,0
1735061055,15.23,15.23,15.23,15.23,0
1735061060,15.23,15.23,15.23,15.23,0
1735061065,15.23,15.23,15.23,15.23,0
1735061070,15.22,15.22,15.22,15.22,0
1735061075,15.22,15.22,15.22,15.22,0
1735061080,15.22,15.22,15.22,15.22,0
1735061085,15.21,15.21,15.21,15.21,0
1735061090,15.21,15.21,15.21,15.21,0
1735061095,15.21,15.21,15.21,15.21,0
1735061100,15.22,15.22,15.22,15.22,0
1735061105,15.22,15.22,15.22,15.22,0
1735061110,15.22,15.22,15.22,15.22,0
1735061115,15.21,15.21,15.21,15.21,0
1735061120,15.21,15.21,15.21,15.21,0
1735061125,15.21,15.21,15.21,15.21,0
1735061130,15.2,15.2,15.2,15.2,0
1735061135,15.2,15.2,15.2,15.2,0
1735061140,15.2,15.2,15.2,15.2,0
1735061145,15.18,15.18,15.18,15.18,0
1735061150,15.18,15.18,15.18,15.18,0
1735061155,15.18,15.18,15.18,15.18,0
1735061160,15.2,15.2,15.2,15.2,0
1735061165,15.2,15.2,15.2,15.2,0
1735061170,15.2,15.2,15.2,15.2,0
1735061175,15.17,15.17,15.17,15.17,0
1735061180,15.17,15.17,15.17,15.17,0
1735061185,15.17,15.17,15.17,15.17,0
1735061190,15.17,15.17,15.17,15.17,0
1735061195,15.17,15.17,15.17,15.17,0
1735061200,15.17,15.17,15.17,15.17,0
1735061205,15.17,15.17,15.17,15.17,0
1735061210,15.17,15.17,15.17,15.17,0
1735061215,15.17,15.17,15.17,15.17,0
1735061220,15.15,15.15,15.15,15.15,0
1735061225,15.15,15.15,15.15,15.15,0
1735061230,15.15,15.15,15.15,15.15,0
1735061235,15.14,15.14,15.14,15.14,0
1735061240,15.14,15.14,15.14,15.14,0
1735061245,15.14,15.14,15.14,15.14,0
1735061250,15.15,15.15,15.15,15.15,0
1735061255,15.15,15.15,15.15,15.15,0
1735061260,15.15,15.15,15.15,15.15,0
1735061265,15.15,15.15,15.15,15.15,0
1735061270,15.15,15.15,15.15,15.15,0
1735061275,15.15,15.15,15.15,15.15,0
1735061280,15.16,15.16,15.16,15.16,0
1735061285,15.16,15.16,15.16,15.16,0
1735061290,15.16,15.16,15.16,15.16,0
1735061295,15.1,15.1,15.1,15.1,0
1735061300,15.1,15.1,15.1,15.1,0
1735061305,15.1,15.1,15.1,15.1,0
1735061310,15.11,15.11,15.11,15.11,0
1735061315,15.11,15.11,15.11,15.11,0
1735061320,15.11,15.11,15.11,15.11,0
1735061325,15.12,15.12,15.12,15.12,0
1735061330,15.12,15.12,15.12,15.12,0
1735061335,15.12,15.12,15.12,15.12,0
1735061340,15.1,15.1,15.1,15.1,0
1735061345,15.1,15.1,15.1,15.1,0
1735061350,15.1,15.1,15.1,15.1,0
1735061355,15.11,15.11,15.11,15.11,0
1735061360,15.11,15.11,15.11,15.11,0
1735061365,15.11,15.11,15.11,15.11,0
1735061370,15.11,15.11,15.11,15.11,0
1735061375,15.11,15.11,15.11,15.11,0
1735061380,15.11,15.11,15.11,15.11,0
1735061385,15.14,15.14,15.14,15.14,0
1735061390,15.14,15.14,15.14,15.14,0
1735061395,15.14,15.14,15.14,15.14,0
1735061400,15.13,15.13,15.13,15.13,0
1735061405,15.13,15.13,15.13,15.13,0
1735061410,15.13,15.13,15.13,15.13,0
1735061415,15.15,15.15,15.15,15.15,0
1735061420,15.15,15.15,15.15,15.15,0
1735061425,15.15,15.15,15.15,15.15,0
1735061430,15.18,15.18,15.18,15.18,0
1735061435,15.18,15.18,15.18,15.18,0
1735061440,15.18,15.18,15.18,15.18,0
1735061445,15.16,15.16,15.16,15.16,0
1735061450,15.16,15.16,15.16,15.16,0
1735061455,15.16,15.16,15.16,15.16,0
1735061460,15.2,15.2,15.2,15.2,0
1735061465,15.2,15.2,15.2,15.2,0
1735061470,15.2,15.2,15.2,15.2,0
1735061475,15.18,15.18,15.18,15.18,0
1735061480,15.18,15.18,15.18,15.18,0
1735061485,15.18,15.18,15.18,15.18,0
1735061490,15.21,15.21,15.21,15.21,0
1735061495,15.21,15.21,15.21,15.21,0
1735061500,15.21,15.21,15.21,15.21,0
1735061505,15.21,15.21,15.21,15.21,0
1735061510,15.21,15.21,15.21,15.21,0
1735061515,15.21,15.21,15.21,15.21,0
1735061520,15.24,15.24,15.24,15.24,0
1735061525,15.24,15.24,15.24,15.24,0
1735061530,15.24,15.24,15.24,15.24,0
1735061535,15.2,15.2,15.2,15.2,0
1735061540,15.2,15.2,15.2,15.2,0
1735061545,15.2,15.2,15.2,15.2,0
1735061550,15.15,15.15,15.15,15.15,0
1735061555,15.15,15.15,15.15,15.15,0
1735061560,15.15,15.15,15.15,15.15,0
1735061565,15.22,15.22,15.22,15.22,0
1735061570,15.22,15.22,15.22,15.22,0
1735061575,15.22,15.22,15.22,15.22,0
1735061580,15.2,15.2,15.2,15.2,0
1735061585,15.2,15.2,15.2,15.2,0
1735061590,15.2,15.2,15.2,15.2,0
1735061595,15.22,15.22,15.22,15.22,0
1735061600,15.22,15.22,15.22,15.22,0
1735061605,15.22,15.22,15.22,15.22,0
1735061610,15.2,15.2,15.2,15.2,0
1735061615,15.2,15.2,15.2,15.2,0
1735061620,15.2,15.2,15.2,15.2,0
1735061625,15.24,15.24,15.24,15.24,0
1735061630,15.24,15.24,15.24,15.24,0
1735061635,15.24,15.24,15.24,15.24,0
1735061640,15.24,15.24,15.24,15.24,0
1735061645,15.24,15.24,15.24,15.24,0
1735061650,15.24,15.24,15.24,15.24,0
1735061655,15.24,15.24,15.24,15.24,0
1735061660,15.24,15.24,15.24,15.24,0
1735061665,15.24,15.24,15.24,15.24,0
1735061670,15.23,15.23,15.23,15.23,0
1735061675,15.23,15.23,15.23,15.23,0
1735061680,15.23,15.23,15.23,15.23,0
1735061685,15.24,15.24,15.24,15.24,0
1735061690,15.24,15.24,15.24,15.24,0
1735061695,15.24,15.24,15.24,15.24,0
1735061700,15.23,15.23,15.23,15.23,0
1735061705,15.23,15.23,15.23,15.23,0
1735061710,15.23,15.23,15.23,15.23,0
1735061715,15.26,15.26,15.26,15.26,0
1735061720,15.26,15.26,15.26,15.26,0
1735061725,15.26,15.26,15.26,15.26,0
1735061730,15.26,15.26,15.26,15.26,0
1735061735,15.26,15.26,15.26,15.26,0
1735061740,15.26,15.26,15.26,15.26,0
1735061745,15.28,15.28,15.28,15.28,0
1735061750,15.28,15.28,15.28,15.28,0
1735061755,15.28,15.28,15.28,15.28,0
1735061760,15.28,15.28,15.28,15.28,0
1735061765,15.28,15.28,15.28,15.28,0
1735061770,15.28,15.28,15.28,15.28,0
1735061775,15.32,15.32,15.32,15.32,0
1735061780,15.32,15.32,15.32,15.32,0
1735061785,15.32,15.32,15.32,15.32,0
1735061790,15.3,15.3,15.3,15.3,0
1735061795,15.3,15.3,15.3,15.3,0
1735061800,15.3,15.3,15.3,15.3,0
1735061805,15.3,15.3,15.3,15.3,0
1735061810,15.3,15.3,15.3,15.3,0
1735061815,15.3,15.3,15.3,15.3,0
1735061820,15.28,15.28,15.28,15.28,0
1735061825,15.28,15.28,15.28,15.28,0
1735061830,15.28,15.28,15.28,15.28,0
1735061835,15.25,15.25,15.25,15.25,0
1735061840,15.25,15.25,15.25,15.25,0
1735061845,15.25,15.25,15.25,15.25,0
1735061850,15.2,15.2,15.2,15.2,0
1735061855,15.2,15.2,15.2,15.2,0
1735061860,15.2,15.2,15.2,15.2,0
1735061865,15.24,15.24,15.24,15.24,0
1735061870,15.24,15.24,15.24,15.24,0
1735061875,15.24,15.24,15.24,15.24,0
1735061880,15.15,15.15,15.15,15.15,0
1735061885,15.15,15.15,15.15,15.15,0
1735061890,15.15,15.15,15.15,15.15,0
1735061895,15.16,15.16,15.16,15.16,0
1735061900,15.16,15.16,15.16,15.16,0
1735061905,15.16,15.16,15.16,15.16,0
1735061910,15.18,15.18,15.18,15.18,0
1735061915,15.18,15.18,15.18,15.18,0
1735061920,15.18,15.18,15.18,15.18,0
1735061925,15.14,15.14,15.14,15.14,0
1735061930,15.14,15.14,15.14,15.14,0
1735061935,15.14,15.14,15.14,15.14,0
1735061940,15.15,15.15,15.15,15.15,0
1735061945,15.15,15.15,15.15,15.15,0
1735061950,15.15,15.15,15.15,15.15,0
1735061955,15.16,15.16,15.16,15.16,0
1735061960,15.16,15.16,15.16,15.16,0
1735061965,15.16,15.16,15.16,15.16,0
1735061970,15.1,15.1,15.1,15.1,0
1735061975,15.1,15.1,15.1,15.1,0
1735061980,15.1,15.1,15.1,15.1,0
1735061985,15.12,15.12,15.12,15.12,0
1735061990,15.12,15.12,15.12,15.12,0
1735061995,15.12,15.12,15.12,15.12,0
1735062000,15.11,15.11,15.11,15.11,0
1735062005,15.11,15.11,15.11,15.11,0
1735062010,15.11,15.11,15.11,15.11,0
1735062015,15.07,15.07,15.07,15.07,0
1735062020,15.07,15.07,15.07,15.07,0
1735062025,15.07,15.07,15.07,15.07,0
1735062030,14.99,14.99,14.99,14.99,0
1735062035,14.99,14.99,14.99,14.99,0
1735062040,14.99,14.99,14.99,14.99,0
1735062045,15.04,15.04,15.04,15.04,0
1735062050,15.04,15.04,15.04,15.04,0
1735062055,15.04,15.04,15.04,15.04,0
1735062060,15.04,15.04,15.04,15.04,0
1735062065,15.04,15.04,15.04,15.04,0
1735062070,15.04,15.04,15.04,15.04,0
1735062075,15.06,15.06,15.06,15.06,0
1735062080,15.06,15.06,15.06,15.06,0
1735062085,15.06,15.06,15.06,15.06,0
1735062090,15.05,15.05,15.05,15.05,0
1735062095,15.05,15.05,15.05,15.05,0
1735062100,15.05,15.05,15.05,15.05,0
1735062105,15.06,15.06,15.06,15.06,0
1735062110,15.06,15.06,15.06,15.06,0
1735062115,15.06,15.06,15.06,15.06,0
1735062120,15.07,15.07,15.07,15.07,0
1735062125,15.07,15.07,15.07,15.07,0
1735062130,15.07,15.07,15.07,15.07,0
1735062135,15.06,15.06,15.06,15.06,0
1735062140,15.06,15.06,15.06,15.06,0
1735062145,15.06,15.06,15.06,15.06,0
1735062150,15.03,15.03,15.03,15.03,0
1735062155,15.03,15.03,15.03,15.03,0
1735062160,15.03,15.03,15.03,15.03,0
1735062165,15.01,15.01,15.01,15.01,0
1735062170,15.01,15.01,15.01,15.01,0
1735062175,15.01,15.01,15.01,15.01,0
1735062180,15.02,15.02,15.02,15.02,0
1735062185,15.02,15.02,15.02,15.02,0
1735062190,15.02,15.02,15.02,15.02,0
1735062195,15.01,15.01,15.01,15.01,0
1735062200,15.01,15.01,15.01,15.01,0
1735062205,15.01,15.01,15.01,15.01,0
1735062210,15.02,15.02,15.02,15.02,0
1735062215,15.02,15.02,15.02,15.02,0
1735062220,15.02,15.02,15.02,15.02,0
1735062225,15.0,15.0,15.0,15.0,0
1735062230,15.0,15.0,15.0,15.0,0
1735062235,15.0,15.0,15.0,15.0,0
1735062240,14.99,14.99,14.99,14.99,0
1735062245,14.99,14.99,14.99,14.99,0
1735062250,14.99,14.99,14.99,14.99,0
1735062255,14.99,14.99,14.99,14.99,0
1735062260,14.99,14.99,14.99,14.99,0
1735062265,14.99,14.99,14.99,14.99,0
1735062270,15.0,15.0,15.0,15.0,0
1735062275,15.0,15.0,15.0,15.0,0
1735062280,15.0,15.0,15.0,15.0,0
1735062285,15.0,15.0,15.0,15.0,0
1735062290,15.0,15.0,15.0,15.0,0
1735062295,15.0,15.0,15.0,15.0,0
1735062300,14.99,14.99,14.99,14.99,0
1735062305,14.99,14.99,14.99,14.99,0
1735062310,14.99,14.99,14.99,14.99,0
1735062315,15.02,15.02,15.02,15.02,0
1735062320,15.02,15.02,15.02,15.02,0
1735062325,15.02,15.02,15.02,15.02,0
1735062330,15.01,15.01,15.01,15.01,0
1735062335,15.01,15.01,15.01,15.01,0
1735062340,15.01,15.01,15.01,15.01,0
1735062345,15.01,15.01,15.01,15.01,0
1735062350,15.01,15.01,15.01,15.01,0
1735062355,15.01,15.01,15.01,15.01,0
1735062360,15.02,15.02,15.02,15.02,0
1735062365,15.02,15.02,15.02,15.02,0
1735062370,15.02,15.02,15.02,15.02,0
1735062375,15.05,15.05,15.05,15.05,0
1735062380,15.05,15.05,15.05,15.05,0
1735062385,15.05,15.05,15.05,15.05,0
1735062390,15.03,15.03,15.03,15.03,0
1735062395,15.03,15.03,15.03,15.03,0
1735062400,15.03,15.03,15.03,15.03,0
1735062405,15.03,15.03,15.03,15.03,0
1735062410,15.03,15.03,15.03,15.03,0
1735062415,15.03,15.03,15.03,15.03,0
1735062420,15.05,15.05,15.05,15.05,0
1735062425,15.05,15.05,15.05,15.05,0
1735062430,15.05,15.05,15.05,15.05,0
1735062435,15.03,15.03,15.03,15.03,0
1735062440,15.03,15.03,15.03,15.03,0
1735062445,15.03,15.03,15.03,15.03,0
1735062450,15.03,15.03,15.03,15.03,0
1735062455,15.03,15.03,15.03,15.03,0
1735062460,15.03,15.03,15.03,15.03,0
1735062465,15.02,15.02,15.02,15.02,0
1735062470,15.02,15.02,15.02,15.02,0
1735062475,15.02,15.02,15.02,15.02,0
1735062480,15.01,15.01,15.01,15.01,0
1735062485,15.01,15.01,15.01,15.01,0
1735062490,15.01,15.01,15.01,15.01,0
1735062495,15.0,15.0,15.0,15.0,0
1735062500,15.0,15.0,15.0,15.0,0
1735062505,15.0,15.0,15.0,15.0,0
1735062510,15.02,15.02,15.02,15.02,0
1735062515,15.02,15.02,15.02,15.02,0
1735062520,15.02,15.02,15.02,15.02,0
1735062525,15.0,15.0,15.0,15.0,0
1735062530,15.0,15.0,15.0,15.0,0
1735062535,15.0,15.0,15.0,15.0,0
1735062540,14.98,14.98,14.98,14.98,0
1735062545,14.98,14.98,14.98,14.98,0
1735062550,14.98,14.98,14.98,14.98,0
1735062555,14.98,14.98,14.98,14.98,0
1735062560,14.98,14.98,14.98,14.98,0
1735062565,14.98,14.98,14.98,14.98,0
1735062570,14.97,14.97,14.97,14.97,0
1735062575,14.97,14.97,14.97,14.97,0
1735062580,14.97,14.97,14.97,14.97,0
1735062585,14.96,14.96,14.96,14.96,0
1735062590,14.96,14.96,14.96,14.96,0
1735062595,14.96,14.96,14.96,14.96,0
1735062600,14.95,14.95,14.95,14.95,0
1735062605,14.95,14.95,14.95,14.95,0
1735062610,14.95,14.95,14.95,14.95,0
1735062615,14.89,14.89,14.89,14.89,0
1735062620,14.89,14.89,14.89,14.89,0
1735062625,14.89,14.89,14.89,14.89,0
1735062630,14.9,14.9,14.9,14.9,0
1735062635,14.9,14.9,14.9,14.9,0
1735062640,14.9,14.9,14.9,14.9,0
1735062645,14.9,14.9,14.9,14.9,0
1735062650,14.9,14.9,14.9,14.9,0
1735062655,14.9,14.9,14.9,14.9,0
1735062660,14.88,14.88,14.88,14.88,0
1735062665,14.88,14.88,14.88,14.88,0
1735062670,14.88,14.88,14.88,14.88,0
1735062675,14.9,14.9,14.9,14.9,0
1735062680,14.9,14.9,14.9,14.9,0
1735062685,14.9,14.9,14.9,14.9,0
1735062690,14.87,14.87,14.87,14.87,0
1735062695,14.87,14.87,14.87,14.87,0
1735062700,14.87,14.87,14.87,14.87,0
1735062705,14.87,14.87,14.87,14.87,0
1735062710,14.87,14.87,14.87,14.87,0
1735062715,14.87,14.87,14.87,14.87,0
1735062720,14.87,14.87,14.87,14.87,0
1735062725,14.87,14.87,14.87,14.87,0
1735062730,14.87,14.87,14.87,14.87,0
1735062735,14.87,14.87,14.87,14.87,0
1735062740,14.87,14.87,14.87,14.87,0
1735062745,14.87,14.87,14.87,14.87,0
1735062750,14.87,14.87,14.87,14.87,0
1735062755,14.87,14.87,14.87,14.87,0
1735062760,14.87,14.87,14.87,14.87,0
1735062765,14.89,14.89,14.89,14.89,0
1735062770,14.89,14.89,14.89,14.89,0
1735062775,14.89,14.89,14.89,14.89,0
1735062780,14.88,14.88,14.88,14.88,0
1735062785,14.88,14.88,14.88,14.88,0
1735062790,14.88,14.88,14.88,14.88,0
1735062795,14.86,14.86,14.86,14.86,0
1735062800,14.86,14.86,14.86,14.86,0
1735062805,14.86,14.86,14.86,14.86,0
1735062810,14.87,14.87,14.87,14.87,0
1735062815,14.87,14.87,14.87,14.87,0
1735062820,14.87,14.87,14.87,14.87,0
1735062825,14.86,14.86,14.86,14.86,0
1735062830,14.86,14.86,14.86,14.86,0
1735062835,14.86,14.86,14.86,14.86,0
1735062840,14.82,14.82,14.82,14.82,0
1735062845,14.82,14.82,14.82,14.82,0
1735062850,14.82,14.82,14.82,14.82,0
1735062855,14.81,14.81,14.81,14.81,0
1735062860,14.81,14.81,14.81,14.81,0
1735062865,14.81,14.81,14.81,14.81,0
1735062870,14.8,14.8,14.8,14.8,0
1735062875,14.8,14.8,14.8,14.8,0
1735062880,14.8,14.8,14.8,14.8,0
1735062885,14.78,14.78,14.78,14.78,0
1735062890,14.78,14.78,14.78,14.78,0
1735062895,14.78,14.78,14.78,14.78,0
1735062900,14.76,14.76,14.76,14.76,0
1735062905,14.76,14.76,14.76,14.76,0
1735062910,14.76,14.76,14.76,14.76,0
1735062915,14.76,14.76,14.76,14.76,0
1735062920,14.76,14.76,14.76,14.76,0
1735062925,14.76,14.76,14.76,14.76,0
1735062930,14.77,14.77,14.77,14.77,0
1735062935,14.77,14.77,14.77,14.77,0
1735062940,14.77,14.77,14.77,14.77,0
1735062945,14.78,14.78,14.78,14.78,0
1735062950,14.78,14.78,14.78,14.78,0
1735062955,14.78,14.78,14.78,14.78,0
1735062960,14.74,14.74,14.74,14.74,0
1735062965,14.74,14.74,14.74,14.74,0
1735062970,14.74,14.74,14.74,14.74,0
1735062975,14.74,14.74,14.74,14.74,0
1735062980,14.74,14.74,14.74,14.74,0
1735062985,14.74,14.74,14.74,14.74,0
1735062990,14.73,14.73,14.73,14.73,0
1735062995,14.73,14.73,14.73,14.73,0
1735063000,14.73,14.73,14.73,14.73,0
1735063005,14.74,14.74,14.74,14.74,0
1735063010,14.74,14.74,14.74,14.74,0
1735063015,14.74,14.74,14.74,14.74,0
1735063020,14.75,14.75,14.75,14.75,0
1735063025,14.75,14.75,14.75,14.75,0
1735063030,14.75,14.75,14.75,14.75,0
1735063035,14.73,14.73,14.73,14.73,0
1735063040,14.73,14.73,14.73,14.73,0
1735063045,14.73,14.73,14.73,14.73,0
1735063050,14.73,14.73,14.73,14.73,0
1735063055,14.73,14.73,14.73,14.73,0
1735063060,14.73,14.73,14.73,14.73,0
1735063065,14.69,14.69,14.69,14.69,0
1735063070,14.69,14.69,14.69,14.69,0
1735063075,14.69,14.69,14.69,14.69,0
1735063080,14.67,14.67,14.67,14.67,0
1735063085,14.67,14.67,14.67,14.67,0
1735063090,14.67,14.67,14.67,14.67,0
1735063095,14.69,14.69,14.69,14.69,0
1735063100,14.69,14.69,14.69,14.69,0
1735063105,14.69,14.69,14.69,14.69,0
1735063110,14.67,14.67,14.67,14.67,0
1735063115,14.67,14.67,14.67,14.67,0
1735063120,14.67,14.67,14.67,14.67,0
1735063125,14.7,14.7,14.7,14.7,0
1735063130,14.7,14.7,14.7,14.7,0
1735063135,14.7,14.7,14.7,14.7,0
1735063140,14.67,14.67,14.67,14.67,0
1735063145,14.67,14.67,14.67,14.67,0
1735063150,14.67,14.67,14.67,14.67,0
1735063155,14.67,14.67,14.67,14.67,0
1735063160,14.67,14.67,14.67,14.67,0
1735063165,14.67,14.67,14.67,14.67,0
1735063170,14.62,14.62,14.62,14.62,0
1735063175,14.62,14.62,14.62,14.62,0
1735063180,14.62,14.62,14.62,14.62,0
1735063185,14.69,14.69,14.69,14.69,0
1735063190,14.69,14.69,14.69,14.69,0
1735063195,14.69,14.69,14.69,14.69,0
