Date,Open,High,Low,Close,Volume
1732890600,13.95,13.95,13.95,13.95,0
1732890605,13.95,13.95,13.95,13.95,0
1732890610,13.95,13.95,13.95,13.95,0
1732890615,13.95,13.95,13.95,13.95,0
1732890620,13.95,13.95,13.95,13.95,0
1732890625,13.95,13.95,13.95,13.95,0
1732890630,13.95,13.95,13.95,13.95,0
1732890635,13.95,13.95,13.95,13.95,0
1732890640,13.95,13.95,13.95,13.95,0
1732890645,13.95,13.95,13.95,13.95,0
1732890650,13.95,13.95,13.95,13.95,0
1732890655,13.95,13.95,13.95,13.95,0
1732890660,14.09,14.09,14.09,14.09,0
1732890665,14.09,14.09,14.09,14.09,0
1732890670,14.09,14.09,14.09,14.09,0
1732890675,14.05,14.05,14.05,14.05,0
1732890680,14.05,14.05,14.05,14.05,0
1732890685,14.05,14.05,14.05,14.05,0
1732890690,14.03,14.03,14.03,14.03,0
1732890695,14.03,14.03,14.03,14.03,0
1732890700,14.03,14.03,14.03,14.03,0
1732890705,14.0,14.0,14.0,14.0,0
1732890710,14.0,14.0,14.0,14.0,0
1732890715,14.0,14.0,14.0,14.0,0
1732890720,14.03,14.03,14.03,14.03,0
1732890725,14.03,14.03,14.03,14.03,0
1732890730,14.03,14.03,14.03,14.03,0
1732890735,14.02,14.02,14.02,14.02,0
1732890740,14.02,14.02,14.02,14.02,0
1732890745,14.02,14.02,14.02,14.02,0
1732890750,14.02,14.02,14.02,14.02,0
1732890755,14.02,14.02,14.02,14.02,0
1732890760,14.02,14.02,14.02,14.02,0
1732890765,13.98,13.98,13.98,13.98,0
1732890770,13.98,13.98,13.98,13.98,0
1732890775,13.98,13.98,13.98,13.98,0
1732890780,13.97,13.97,13.97,13.97,0
1732890785,13.97,13.97,13.97,13.97,0
1732890790,13.97,13.97,13.97,13.97,0
1732890795,13.98,13.98,13.98,13.98,0
1732890800,13.98,13.98,13.98,13.98,0
1732890805,13.98,13.98,13.98,13.98,0
1732890810,13.97,13.97,13.97,13.97,0
1732890815,13.97,13.97,13.97,13.97,0
1732890820,13.97,13.97,13.97,13.97,0
1732890825,13.98,13.98,13.98,13.98,0
1732890830,13.98,13.98,13.98,13.98,0
1732890835,13.98,13.98,13.98,13.98,0
1732890840,14.01,14.01,14.01,14.01,0
1732890845,14.01,14.01,14.01,14.01,0
1732890850,14.01,14.01,14.01,14.01,0
1732890855,14.01,14.01,14.01,14.01,0
1732890860,14.01,14.01,14.01,14.01,0
1732890865,14.01,14.01,14.01,14.01,0
1732890870,14.0,14.0,14.0,14.0,0
1732890875,14.0,14.0,14.0,14.0,0
1732890880,14.0,14.0,14.0,14.0,0
1732890885,14.0,14.0,14.0,14.0,0
1732890890,14.0,14.0,14.0,14.0,0
1732890895,14.0,14.0,14.0,14.0,0
1732890900,14.0,14.0,14.0,14.0,0
1732890905,14.0,14.0,14.0,14.0,0
1732890910,14.0,14.0,14.0,14.0,0
1732890915,14.01,14.01,14.01,14.01,0
1732890920,14.01,14.01,14.01,14.01,0
1732890925,14.01,14.01,14.01,14.01,0
1732890930,14.0,14.0,14.0,14.0,0
1732890935,14.0,14.0,14.0,14.0,0
1732890940,14.0,14.0,14.0,14.0,0
1732890945,14.0,14.0,14.0,14.0,0
1732890950,14.0,14.0,14.0,14.0,0
1732890955,14.0,14.0,14.0,14.0,0
1732890960,13.99,13.99,13.99,13.99,0
1732890965,13.99,13.99,13.99,13.99,0
1732890970,13.99,13.99,13.99,13.99,0
1732890975,13.99,13.99,13.99,13.99,0
1732890980,13.99,13.99,13.99,13.99,0
1732890985,13.99,13.99,13.99,13.99,0
1732890990,13.99,13.99,13.99,13.99,0
1732890995,13.99,13.99,13.99,13.99,0
1732891000,13.99,13.99,13.99,13.99,0
1732891005,13.95,13.95,13.95,13.95,0
1732891010,13.95,13.95,13.95,13.95,0
1732891015,13.95,13.95,13.95,13.95,0
1732891020,13.96,13.96,13.96,13.96,0
1732891025,13.96,13.96,13.96,13.96,0
1732891030,13.96,13.96,13.96,13.96,0
1732891035,13.96,13.96,13.96,13.96,0
1732891040,13.96,13.96,13.96,13.96,0
1732891045,13.96,13.96,13.96,13.96,0
1732891050,13.96,13.96,13.96,13.96,0
1732891055,13.96,13.96,13.96,13.96,0
1732891060,13.96,13.96,13.96,13.96,0
1732891065,13.96,13.96,13.96,13.96,0
1732891070,13.96,13.96,13.96,13.96,0
1732891075,13.96,13.96,13.96,13.96,0
1732891080,13.96,13.96,13.96,13.96,0
1732891085,13.96,13.96,13.96,13.96,0
1732891090,13.96,13.96,13.96,13.96,0
1732891095,13.94,13.94,13.94,13.94,0
1732891100,13.94,13.94,13.94,13.94,0
1732891105,13.94,13.94,13.94,13.94,0
1732891110,13.94,13.94,13.94,13.94,0
1732891115,13.94,13.94,13.94,13.94,0
1732891120,13.94,13.94,13.94,13.94,0
1732891125,13.93,13.93,13.93,13.93,0
1732891130,13.93,13.93,13.93,13.93,0
1732891135,13.93,13.93,13.93,13.93,0
1732891140,13.93,13.93,13.93,13.93,0
1732891145,13.93,13.93,13.93,13.93,0
1732891150,13.93,13.93,13.93,13.93,0
1732891155,13.93,13.93,13.93,13.93,0
1732891160,13.93,13.93,13.93,13.93,0
1732891165,13.93,13.93,13.93,13.93,0
1732891170,13.91,13.91,13.91,13.91,0
1732891175,13.91,13.91,13.91,13.91,0
1732891180,13.91,13.91,13.91,13.91,0
1732891185,13.91,13.91,13.91,13.91,0
1732891190,13.91,13.91,13.91,13.91,0
1732891195,13.91,13.91,13.91,13.91,0
1732891200,13.9,13.9,13.9,13.9,0
1732891205,13.9,13.9,13.9,13.9,0
1732891210,13.9,13.9,13.9,13.9,0
1732891215,13.9,13.9,13.9,13.9,0
1732891220,13.9,13.9,13.9,13.9,0
1732891225,13.9,13.9,13.9,13.9,0
1732891230,13.89,13.89,13.89,13.89,0
1732891235,13.89,13.89,13.89,13.89,0
1732891240,13.89,13.89,13.89,13.89,0
1732891245,13.9,13.9,13.9,13.9,0
1732891250,13.9,13.9,13.9,13.9,0
1732891255,13.9,13.9,13.9,13.9,0
1732891260,13.91,13.91,13.91,13.91,0
1732891265,13.91,13.91,13.91,13.91,0
1732891270,13.91,13.91,13.91,13.91,0
1732891275,13.89,13.89,13.89,13.89,0
1732891280,13.89,13.89,13.89,13.89,0
1732891285,13.89,13.89,13.89,13.89,0
1732891290,13.9,13.9,13.9,13.9,0
1732891295,13.9,13.9,13.9,13.9,0
1732891300,13.9,13.9,13.9,13.9,0
1732891305,13.9,13.9,13.9,13.9,0
1732891310,13.9,13.9,13.9,13.9,0
1732891315,13.9,13.9,13.9,13.9,0
1732891320,13.89,13.89,13.89,13.89,0
1732891325,13.89,13.89,13.89,13.89,0
1732891330,13.89,13.89,13.89,13.89,0
1732891335,13.89,13.89,13.89,13.89,0
1732891340,13.89,13.89,13.89,13.89,0
1732891345,13.89,13.89,13.89,13.89,0
1732891350,13.91,13.91,13.91,13.91,0
1732891355,13.91,13.91,13.91,13.91,0
1732891360,13.91,13.91,13.91,13.91,0
1732891365,13.91,13.91,13.91,13.91,0
1732891370,13.91,13.91,13.91,13.91,0
1732891375,13.91,13.91,13.91,13.91,0
1732891380,13.89,13.89,13.89,13.89,0
1732891385,13.89,13.89,13.89,13.89,0
1732891390,13.89,13.89,13.89,13.89,0
1732891395,13.89,13.89,13.89,13.89,0
1732891400,13.89,13.89,13.89,13.89,0
1732891405,13.89,13.89,13.89,13.89,0
1732891410,13.89,13.89,13.89,13.89,0
1732891415,13.89,13.89,13.89,13.89,0
1732891420,13.89,13.89,13.89,13.89,0
1732891425,13.88,13.88,13.88,13.88,0
1732891430,13.88,13.88,13.88,13.88,0
1732891435,13.88,13.88,13.88,13.88,0
1732891440,13.87,13.87,13.87,13.87,0
1732891445,13.87,13.87,13.87,13.87,0
1732891450,13.87,13.87,13.87,13.87,0
1732891455,13.88,13.88,13.88,13.88,0
1732891460,13.88,13.88,13.88,13.88,0
1732891465,13.88,13.88,13.88,13.88,0
1732891470,13.88,13.88,13.88,13.88,0
1732891475,13.88,13.88,13.88,13.88,0
1732891480,13.88,13.88,13.88,13.88,0
1732891485,13.87,13.87,13.87,13.87,0
1732891490,13.87,13.87,13.87,13.87,0
1732891495,13.87,13.87,13.87,13.87,0
1732891500,13.85,13.85,13.85,13.85,0
1732891505,13.85,13.85,13.85,13.85,0
1732891510,13.85,13.85,13.85,13.85,0
1732891515,13.84,13.84,13.84,13.84,0
1732891520,13.84,13.84,13.84,13.84,0
1732891525,13.84,13.84,13.84,13.84,0
1732891530,13.85,13.85,13.85,13.85,0
1732891535,13.85,13.85,13.85,13.85,0
1732891540,13.85,13.85,13.85,13.85,0
1732891545,13.85,13.85,13.85,13.85,0
1732891550,13.85,13.85,13.85,13.85,0
1732891555,13.85,13.85,13.85,13.85,0
1732891560,13.83,13.83,13.83,13.83,0
1732891565,13.83,13.83,13.83,13.83,0
1732891570,13.83,13.83,13.83,13.83,0
1732891575,13.82,13.82,13.82,13.82,0
1732891580,13.82,13.82,13.82,13.82,0
1732891585,13.82,13.82,13.82,13.82,0
1732891590,13.81,13.81,13.81,13.81,0
1732891595,13.81,13.81,13.81,13.81,0
1732891600,13.81,13.81,13.81,13.81,0
1732891605,13.8,13.8,13.8,13.8,0
1732891610,13.8,13.8,13.8,13.8,0
1732891615,13.8,13.8,13.8,13.8,0
1732891620,13.78,13.78,13.78,13.78,0
1732891625,13.78,13.78,13.78,13.78,0
1732891630,13.78,13.78,13.78,13.78,0
1732891635,13.78,13.78,13.78,13.78,0
1732891640,13.78,13.78,13.78,13.78,0
1732891645,13.78,13.78,13.78,13.78,0
1732891650,13.77,13.77,13.77,13.77,0
1732891655,13.77,13.77,13.77,13.77,0
1732891660,13.77,13.77,13.77,13.77,0
1732891665,13.77,13.77,13.77,13.77,0
1732891670,13.77,13.77,13.77,13.77,0
1732891675,13.77,13.77,13.77,13.77,0
1732891680,13.78,13.78,13.78,13.78,0
1732891685,13.78,13.78,13.78,13.78,0
1732891690,13.78,13.78,13.78,13.78,0
1732891695,13.81,13.81,13.81,13.81,0
1732891700,13.81,13.81,13.81,13.81,0
1732891705,13.81,13.81,13.81,13.81,0
1732891710,13.81,13.81,13.81,13.81,0
1732891715,13.81,13.81,13.81,13.81,0
1732891720,13.81,13.81,13.81,13.81,0
1732891725,13.83,13.83,13.83,13.83,0
1732891730,13.83,13.83,13.83,13.83,0
1732891735,13.83,13.83,13.83,13.83,0
1732891740,13.83,13.83,13.83,13.83,0
1732891745,13.83,13.83,13.83,13.83,0
1732891750,13.83,13.83,13.83,13.83,0
1732891755,13.83,13.83,13.83,13.83,0
1732891760,13.83,13.83,13.83,13.83,0
1732891765,13.83,13.83,13.83,13.83,0
1732891770,13.83,13.83,13.83,13.83,0
1732891775,13.83,13.83,13.83,13.83,0
1732891780,13.83,13.83,13.83,13.83,0
1732891785,13.8,13.8,13.8,13.8,0
1732891790,13.8,13.8,13.8,13.8,0
1732891795,13.8,13.8,13.8,13.8,0
1732891800,13.81,13.81,13.81,13.81,0
1732891805,13.81,13.81,13.81,13.81,0
1732891810,13.81,13.81,13.81,13.81,0
1732891815,13.8,13.8,13.8,13.8,0
1732891820,13.8,13.8,13.8,13.8,0
1732891825,13.8,13.8,13.8,13.8,0
1732891830,13.79,13.79,13.79,13.79,0
1732891835,13.79,13.79,13.79,13.79,0
1732891840,13.79,13.79,13.79,13.79,0
1732891845,13.77,13.77,13.77,13.77,0
1732891850,13.77,13.77,13.77,13.77,0
1732891855,13.77,13.77,13.77,13.77,0
1732891860,13.76,13.76,13.76,13.76,0
1732891865,13.76,13.76,13.76,13.76,0
1732891870,13.76,13.76,13.76,13.76,0
1732891875,13.75,13.75,13.75,13.75,0
1732891880,13.75,13.75,13.75,13.75,0
1732891885,13.75,13.75,13.75,13.75,0
1732891890,13.75,13.75,13.75,13.75,0
1732891895,13.75,13.75,13.75,13.75,0
1732891900,13.75,13.75,13.75,13.75,0
1732891905,13.75,13.75,13.75,13.75,0
1732891910,13.75,13.75,13.75,13.75,0
1732891915,13.75,13.75,13.75,13.75,0
1732891920,13.74,13.74,13.74,13.74,0
1732891925,13.74,13.74,13.74,13.74,0
1732891930,13.74,13.74,13.74,13.74,0
1732891935,13.74,13.74,13.74,13.74,0
1732891940,13.74,13.74,13.74,13.74,0
1732891945,13.74,13.74,13.74,13.74,0
1732891950,13.74,13.74,13.74,13.74,0
1732891955,13.74,13.74,13.74,13.74,0
1732891960,13.74,13.74,13.74,13.74,0
1732891965,13.74,13.74,13.74,13.74,0
1732891970,13.74,13.74,13.74,13.74,0
1732891975,13.74,13.74,13.74,13.74,0
1732891980,13.74,13.74,13.74,13.74,0
1732891985,13.74,13.74,13.74,13.74,0
1732891990,13.74,13.74,13.74,13.74,0
1732891995,13.73,13.73,13.73,13.73,0
1732892000,13.73,13.73,13.73,13.73,0
1732892005,13.73,13.73,13.73,13.73,0
1732892010,13.7,13.7,13.7,13.7,0
1732892015,13.7,13.7,13.7,13.7,0
1732892020,13.7,13.7,13.7,13.7,0
1732892025,13.71,13.71,13.71,13.71,0
1732892030,13.71,13.71,13.71,13.71,0
1732892035,13.71,13.71,13.71,13.71,0
1732892040,13.7,13.7,13.7,13.7,0
1732892045,13.7,13.7,13.7,13.7,0
1732892050,13.7,13.7,13.7,13.7,0
1732892055,13.68,13.68,13.68,13.68,0
1732892060,13.68,13.68,13.68,13.68,0
1732892065,13.68,13.68,13.68,13.68,0
1732892070,13.68,13.68,13.68,13.68,0
1732892075,13.68,13.68,13.68,13.68,0
1732892080,13.68,13.68,13.68,13.68,0
1732892085,13.68,13.68,13.68,13.68,0
1732892090,13.68,13.68,13.68,13.68,0
1732892095,13.68,13.68,13.68,13.68,0
1732892100,13.67,13.67,13.67,13.67,0
1732892105,13.67,13.67,13.67,13.67,0
1732892110,13.67,13.67,13.67,13.67,0
1732892115,13.67,13.67,13.67,13.67,0
1732892120,13.67,13.67,13.67,13.67,0
1732892125,13.67,13.67,13.67,13.67,0
1732892130,13.67,13.67,13.67,13.67,0
1732892135,13.67,13.67,13.67,13.67,0
1732892140,13.67,13.67,13.67,13.67,0
1732892145,13.66,13.66,13.66,13.66,0
1732892150,13.66,13.66,13.66,13.66,0
1732892155,13.66,13.66,13.66,13.66,0
1732892160,13.66,13.66,13.66,13.66,0
1732892165,13.66,13.66,13.66,13.66,0
1732892170,13.66,13.66,13.66,13.66,0
1732892175,13.65,13.65,13.65,13.65,0
1732892180,13.65,13.65,13.65,13.65,0
1732892185,13.65,13.65,13.65,13.65,0
1732892190,13.64,13.64,13.64,13.64,0
1732892195,13.64,13.64,13.64,13.64,0
1732892200,13.64,13.64,13.64,13.64,0
1732892205,13.64,13.64,13.64,13.64,0
1732892210,13.64,13.64,13.64,13.64,0
1732892215,13.64,13.64,13.64,13.64,0
1732892220,13.66,13.66,13.66,13.66,0
1732892225,13.66,13.66,13.66,13.66,0
1732892230,13.66,13.66,13.66,13.66,0
1732892235,13.69,13.69,13.69,13.69,0
1732892240,13.69,13.69,13.69,13.69,0
1732892245,13.69,13.69,13.69,13.69,0
1732892250,13.7,13.7,13.7,13.7,0
1732892255,13.7,13.7,13.7,13.7,0
1732892260,13.7,13.7,13.7,13.7,0
1732892265,13.7,13.7,13.7,13.7,0
1732892270,13.7,13.7,13.7,13.7,0
1732892275,13.7,13.7,13.7,13.7,0
1732892280,13.7,13.7,13.7,13.7,0
1732892285,13.7,13.7,13.7,13.7,0
1732892290,13.7,13.7,13.7,13.7,0
1732892295,13.69,13.69,13.69,13.69,0
1732892300,13.69,13.69,13.69,13.69,0
1732892305,13.69,13.69,13.69,13.69,0
1732892310,13.69,13.69,13.69,13.69,0
1732892315,13.69,13.69,13.69,13.69,0
1732892320,13.69,13.69,13.69,13.69,0
1732892325,13.69,13.69,13.69,13.69,0
1732892330,13.69,13.69,13.69,13.69,0
1732892335,13.69,13.69,13.69,13.69,0
1732892340,13.69,13.69,13.69,13.69,0
1732892345,13.69,13.69,13.69,13.69,0
1732892350,13.69,13.69,13.69,13.69,0
1732892355,13.68,13.68,13.68,13.68,0
1732892360,13.68,13.68,13.68,13.68,0
1732892365,13.68,13.68,13.68,13.68,0
1732892370,13.67,13.67,13.67,13.67,0
1732892375,13.67,13.67,13.67,13.67,0
1732892380,13.67,13.67,13.67,13.67,0
1732892385,13.67,13.67,13.67,13.67,0
1732892390,13.67,13.67,13.67,13.67,0
1732892395,13.67,13.67,13.67,13.67,0
1732892400,13.67,13.67,13.67,13.67,0
1732892405,13.67,13.67,13.67,13.67,0
1732892410,13.67,13.67,13.67,13.67,0
1732892415,13.65,13.65,13.65,13.65,0
1732892420,13.65,13.65,13.65,13.65,0
1732892425,13.65,13.65,13.65,13.65,0
1732892430,13.65,13.65,13.65,13.65,0
1732892435,13.65,13.65,13.65,13.65,0
1732892440,13.65,13.65,13.65,13.65,0
1732892445,13.66,13.66,13.66,13.66,0
1732892450,13.66,13.66,13.66,13.66,0
1732892455,13.66,13.66,13.66,13.66,0
1732892460,13.64,13.64,13.64,13.64,0
1732892465,13.64,13.64,13.64,13.64,0
1732892470,13.64,13.64,13.64,13.64,0
1732892475,13.64,13.64,13.64,13.64,0
1732892480,13.64,13.64,13.64,13.64,0
1732892485,13.64,13.64,13.64,13.64,0
1732892490,13.65,13.65,13.65,13.65,0
1732892495,13.65,13.65,13.65,13.65,0
1732892500,13.65,13.65,13.65,13.65,0
1732892505,13.63,13.63,13.63,13.63,0
1732892510,13.63,13.63,13.63,13.63,0
1732892515,13.63,13.63,13.63,13.63,0
1732892520,13.63,13.63,13.63,13.63,0
1732892525,13.63,13.63,13.63,13.63,0
1732892530,13.63,13.63,13.63,13.63,0
1732892535,13.63,13.63,13.63,13.63,0
1732892540,13.63,13.63,13.63,13.63,0
1732892545,13.63,13.63,13.63,13.63,0
1732892550,13.62,13.62,13.62,13.62,0
1732892555,13.62,13.62,13.62,13.62,0
1732892560,13.62,13.62,13.62,13.62,0
1732892565,13.64,13.64,13.64,13.64,0
1732892570,13.64,13.64,13.64,13.64,0
1732892575,13.64,13.64,13.64,13.64,0
1732892580,13.62,13.62,13.62,13.62,0
1732892585,13.62,13.62,13.62,13.62,0
1732892590,13.62,13.62,13.62,13.62,0
1732892595,13.6,13.6,13.6,13.6,0
1732892600,13.6,13.6,13.6,13.6,0
1732892605,13.6,13.6,13.6,13.6,0
1732892610,13.6,13.6,13.6,13.6,0
1732892615,13.6,13.6,13.6,13.6,0
1732892620,13.6,13.6,13.6,13.6,0
1732892625,13.61,13.61,13.61,13.61,0
1732892630,13.61,13.61,13.61,13.61,0
1732892635,13.61,13.61,13.61,13.61,0
1732892640,13.61,13.61,13.61,13.61,0
1732892645,13.61,13.61,13.61,13.61,0
1732892650,13.61,13.61,13.61,13.61,0
1732892655,13.61,13.61,13.61,13.61,0
1732892660,13.61,13.61,13.61,13.61,0
1732892665,13.61,13.61,13.61,13.61,0
1732892670,13.6,13.6,13.6,13.6,0
1732892675,13.6,13.6,13.6,13.6,0
1732892680,13.6,13.6,13.6,13.6,0
1732892685,13.61,13.61,13.61,13.61,0
1732892690,13.61,13.61,13.61,13.61,0
1732892695,13.61,13.61,13.61,13.61,0
1732892700,13.61,13.61,13.61,13.61,0
1732892705,13.61,13.61,13.61,13.61,0
1732892710,13.61,13.61,13.61,13.61,0
1732892715,13.6,13.6,13.6,13.6,0
1732892720,13.6,13.6,13.6,13.6,0
1732892725,13.6,13.6,13.6,13.6,0
1732892730,13.58,13.58,13.58,13.58,0
1732892735,13.58,13.58,13.58,13.58,0
1732892740,13.58,13.58,13.58,13.58,0
1732892745,13.58,13.58,13.58,13.58,0
1732892750,13.58,13.58,13.58,13.58,0
1732892755,13.58,13.58,13.58,13.58,0
1732892760,13.58,13.58,13.58,13.58,0
1732892765,13.58,13.58,13.58,13.58,0
1732892770,13.58,13.58,13.58,13.58,0
1732892775,13.57,13.57,13.57,13.57,0
1732892780,13.57,13.57,13.57,13.57,0
1732892785,13.57,13.57,13.57,13.57,0
1732892790,13.57,13.57,13.57,13.57,0
1732892795,13.57,13.57,13.57,13.57,0
1732892800,13.57,13.57,13.57,13.57,0
1732892805,13.56,13.56,13.56,13.56,0
1732892810,13.56,13.56,13.56,13.56,0
1732892815,13.56,13.56,13.56,13.56,0
1732892820,13.55,13.55,13.55,13.55,0
1732892825,13.55,13.55,13.55,13.55,0
1732892830,13.55,13.55,13.55,13.55,0
1732892835,13.53,13.53,13.53,13.53,0
1732892840,13.53,13.53,13.53,13.53,0
1732892845,13.53,13.53,13.53,13.53,0
1732892850,13.55,13.55,13.55,13.55,0
1732892855,13.55,13.55,13.55,13.55,0
1732892860,13.55,13.55,13.55,13.55,0
1732892865,13.55,13.55,13.55,13.55,0
1732892870,13.55,13.55,13.55,13.55,0
1732892875,13.55,13.55,13.55,13.55,0
1732892880,13.55,13.55,13.55,13.55,0
1732892885,13.55,13.55,13.55,13.55,0
1732892890,13.55,13.55,13.55,13.55,0
1732892895,13.54,13.54,13.54,13.54,0
1732892900,13.54,13.54,13.54,13.54,0
1732892905,13.54,13.54,13.54,13.54,0
1732892910,13.55,13.55,13.55,13.55,0
1732892915,13.55,13.55,13.55,13.55,0
1732892920,13.55,13.55,13.55,13.55,0
1732892925,13.55,13.55,13.55,13.55,0
1732892930,13.55,13.55,13.55,13.55,0
1732892935,13.55,13.55,13.55,13.55,0
1732892940,13.55,13.55,13.55,13.55,0
1732892945,13.55,13.55,13.55,13.55,0
1732892950,13.55,13.55,13.55,13.55,0
1732892955,13.57,13.57,13.57,13.57,0
1732892960,13.57,13.57,13.57,13.57,0
1732892965,13.57,13.57,13.57,13.57,0
1732892970,13.54,13.54,13.54,13.54,0
1732892975,13.54,13.54,13.54,13.54,0
1732892980,13.54,13.54,13.54,13.54,0
1732892985,13.55,13.55,13.55,13.55,0
1732892990,13.55,13.55,13.55,13.55,0
1732892995,13.55,13.55,13.55,13.55,0
1732893000,13.55,13.55,13.55,13.55,0
1732893005,13.55,13.55,13.55,13.55,0
1732893010,13.55,13.55,13.55,13.55,0
1732893015,13.54,13.54,13.54,13.54,0
1732893020,13.54,13.54,13.54,13.54,0
1732893025,13.54,13.54,13.54,13.54,0
1732893030,13.52,13.52,13.52,13.52,0
1732893035,13.52,13.52,13.52,13.52,0
1732893040,13.52,13.52,13.52,13.52,0
1732893045,13.52,13.52,13.52,13.52,0
1732893050,13.52,13.52,13.52,13.52,0
1732893055,13.52,13.52,13.52,13.52,0
1732893060,13.52,13.52,13.52,13.52,0
1732893065,13.52,13.52,13.52,13.52,0
1732893070,13.52,13.52,13.52,13.52,0
1732893075,13.52,13.52,13.52,13.52,0
1732893080,13.52,13.52,13.52,13.52,0
1732893085,13.52,13.52,13.52,13.52,0
1732893090,13.51,13.51,13.51,13.51,0
1732893095,13.51,13.51,13.51,13.51,0
1732893100,13.51,13.51,13.51,13.51,0
1732893105,13.5,13.5,13.5,13.5,0
1732893110,13.5,13.5,13.5,13.5,0
1732893115,13.5,13.5,13.5,13.5,0
1732893120,13.5,13.5,13.5,13.5,0
1732893125,13.5,13.5,13.5,13.5,0
1732893130,13.5,13.5,13.5,13.5,0
1732893135,13.52,13.52,13.52,13.52,0
1732893140,13.52,13.52,13.52,13.52,0
1732893145,13.52,13.52,13.52,13.52,0
1732893150,13.52,13.52,13.52,13.52,0
1732893155,13.52,13.52,13.52,13.52,0
1732893160,13.52,13.52,13.52,13.52,0
1732893165,13.52,13.52,13.52,13.52,0
1732893170,13.52,13.52,13.52,13.52,0
1732893175,13.52,13.52,13.52,13.52,0
1732893180,13.53,13.53,13.53,13.53,0
1732893185,13.53,13.53,13.53,13.53,0
1732893190,13.53,13.53,13.53,13.53,0
1732893195,13.51,13.51,13.51,13.51,0
1732893200,13.51,13.51,13.51,13.51,0
1732893205,13.51,13.51,13.51,13.51,0
1732893210,13.51,13.51,13.51,13.51,0
1732893215,13.51,13.51,13.51,13.51,0
1732893220,13.51,13.51,13.51,13.51,0
1732893225,13.51,13.51,13.51,13.51,0
1732893230,13.51,13.51,13.51,13.51,0
1732893235,13.51,13.51,13.51,13.51,0
1732893240,13.52,13.52,13.52,13.52,0
1732893245,13.52,13.52,13.52,13.52,0
1732893250,13.52,13.52,13.52,13.52,0
1732893255,13.51,13.51,13.51,13.51,0
1732893260,13.51,13.51,13.51,13.51,0
1732893265,13.51,13.51,13.51,13.51,0
1732893270,13.51,13.51,13.51,13.51,0
1732893275,13.51,13.51,13.51,13.51,0
1732893280,13.51,13.51,13.51,13.51,0
1732893285,13.51,13.51,13.51,13.51,0
1732893290,13.51,13.51,13.51,13.51,0
1732893295,13.51,13.51,13.51,13.51,0
1732893300,13.52,13.52,13.52,13.52,0
1732893305,13.52,13.52,13.52,13.52,0
1732893310,13.52,13.52,13.52,13.52,0
1732893315,13.52,13.52,13.52,13.52,0
1732893320,13.52,13.52,13.52,13.52,0
1732893325,13.52,13.52,13.52,13.52,0
1732893330,13.51,13.51,13.51,13.51,0
1732893335,13.51,13.51,13.51,13.51,0
1732893340,13.51,13.51,13.51,13.51,0
1732893345,13.52,13.52,13.52,13.52,0
1732893350,13.52,13.52,13.52,13.52,0
1732893355,13.52,13.52,13.52,13.52,0
1732893360,13.51,13.51,13.51,13.51,0
1732893365,13.51,13.51,13.51,13.51,0
1732893370,13.51,13.51,13.51,13.51,0
1732893375,13.52,13.52,13.52,13.52,0
1732893380,13.52,13.52,13.52,13.52,0
1732893385,13.52,13.52,13.52,13.52,0
1732893390,13.53,13.53,13.53,13.53,0
1732893395,13.53,13.53,13.53,13.53,0
1732893400,13.53,13.53,13.53,13.53,0
1732893405,13.52,13.52,13.52,13.52,0
1732893410,13.52,13.52,13.52,13.52,0
1732893415,13.52,13.52,13.52,13.52,0
1732893420,13.54,13.54,13.54,13.54,0
1732893425,13.54,13.54,13.54,13.54,0
1732893430,13.54,13.54,13.54,13.54,0
1732893435,13.53,13.53,13.53,13.53,0
1732893440,13.53,13.53,13.53,13.53,0
1732893445,13.53,13.53,13.53,13.53,0
1732893450,13.54,13.54,13.54,13.54,0
1732893455,13.54,13.54,13.54,13.54,0
1732893460,13.54,13.54,13.54,13.54,0
1732893465,13.54,13.54,13.54,13.54,0
1732893470,13.54,13.54,13.54,13.54,0
1732893475,13.54,13.54,13.54,13.54,0
1732893480,13.53,13.53,13.53,13.53,0
1732893485,13.53,13.53,13.53,13.53,0
1732893490,13.53,13.53,13.53,13.53,0
1732893495,13.54,13.54,13.54,13.54,0
1732893500,13.54,13.54,13.54,13.54,0
1732893505,13.54,13.54,13.54,13.54,0
1732893510,13.54,13.54,13.54,13.54,0
1732893515,13.54,13.54,13.54,13.54,0
1732893520,13.54,13.54,13.54,13.54,0
1732893525,13.55,13.55,13.55,13.55,0
1732893530,13.55,13.55,13.55,13.55,0
1732893535,13.55,13.55,13.55,13.55,0
1732893540,13.58,13.58,13.58,13.58,0
1732893545,13.58,13.58,13.58,13.58,0
1732893550,13.58,13.58,13.58,13.58,0
1732893555,13.58,13.58,13.58,13.58,0
1732893560,13.58,13.58,13.58,13.58,0
1732893565,13.58,13.58,13.58,13.58,0
1732893570,13.57,13.57,13.57,13.57,0
1732893575,13.57,13.57,13.57,13.57,0
1732893580,13.57,13.57,13.57,13.57,0
1732893585,13.58,13.58,13.58,13.58,0
1732893590,13.58,13.58,13.58,13.58,0
1732893595,13.58,13.58,13.58,13.58,0
1732893600,13.57,13.57,13.57,13.57,0
1732893605,13.57,13.57,13.57,13.57,0
1732893610,13.57,13.57,13.57,13.57,0
1732893615,13.58,13.58,13.58,13.58,0
1732893620,13.58,13.58,13.58,13.58,0
1732893625,13.58,13.58,13.58,13.58,0
1732893630,13.58,13.58,13.58,13.58,0
1732893635,13.58,13.58,13.58,13.58,0
1732893640,13.58,13.58,13.58,13.58,0
1732893645,13.59,13.59,13.59,13.59,0
1732893650,13.59,13.59,13.59,13.59,0
1732893655,13.59,13.59,13.59,13.59,0
1732893660,13.61,13.61,13.61,13.61,0
1732893665,13.61,13.61,13.61,13.61,0
1732893670,13.61,13.61,13.61,13.61,0
1732893675,13.61,13.61,13.61,13.61,0
1732893680,13.61,13.61,13.61,13.61,0
1732893685,13.61,13.61,13.61,13.61,0
1732893690,13.6,13.6,13.6,13.6,0
1732893695,13.6,13.6,13.6,13.6,0
1732893700,13.6,13.6,13.6,13.6,0
1732893705,13.59,13.59,13.59,13.59,0
1732893710,13.59,13.59,13.59,13.59,0
1732893715,13.59,13.59,13.59,13.59,0
1732893720,13.59,13.59,13.59,13.59,0
1732893725,13.59,13.59,13.59,13.59,0
1732893730,13.59,13.59,13.59,13.59,0
1732893735,13.6,13.6,13.6,13.6,0
1732893740,13.6,13.6,13.6,13.6,0
1732893745,13.6,13.6,13.6,13.6,0
1732893750,13.61,13.61,13.61,13.61,0
1732893755,13.61,13.61,13.61,13.61,0
1732893760,13.61,13.61,13.61,13.61,0
1732893765,13.61,13.61,13.61,13.61,0
1732893770,13.61,13.61,13.61,13.61,0
1732893775,13.61,13.61,13.61,13.61,0
1732893780,13.61,13.61,13.61,13.61,0
1732893785,13.61,13.61,13.61,13.61,0
1732893790,13.61,13.61,13.61,13.61,0
1732893795,13.59,13.59,13.59,13.59,0
1732893800,13.59,13.59,13.59,13.59,0
1732893805,13.59,13.59,13.59,13.59,0
1732893810,13.58,13.58,13.58,13.58,0
1732893815,13.58,13.58,13.58,13.58,0
1732893820,13.58,13.58,13.58,13.58,0
1732893825,13.59,13.59,13.59,13.59,0
1732893830,13.59,13.59,13.59,13.59,0
1732893835,13.59,13.59,13.59,13.59,0
1732893840,13.59,13.59,13.59,13.59,0
1732893845,13.59,13.59,13.59,13.59,0
1732893850,13.59,13.59,13.59,13.59,0
1732893855,13.59,13.59,13.59,13.59,0
1732893860,13.59,13.59,13.59,13.59,0
1732893865,13.59,13.59,13.59,13.59,0
1732893870,13.58,13.58,13.58,13.58,0
1732893875,13.58,13.58,13.58,13.58,0
1732893880,13.58,13.58,13.58,13.58,0
1732893885,13.59,13.59,13.59,13.59,0
1732893890,13.59,13.59,13.59,13.59,0
1732893895,13.59,13.59,13.59,13.59,0
1732893900,13.59,13.59,13.59,13.59,0
1732893905,13.59,13.59,13.59,13.59,0
1732893910,13.59,13.59,13.59,13.59,0
1732893915,13.6,13.6,13.6,13.6,0
1732893920,13.6,13.6,13.6,13.6,0
1732893925,13.6,13.6,13.6,13.6,0
1732893930,13.59,13.59,13.59,13.59,0
1732893935,13.59,13.59,13.59,13.59,0
1732893940,13.59,13.59,13.59,13.59,0
1732893945,13.58,13.58,13.58,13.58,0
1732893950,13.58,13.58,13.58,13.58,0
1732893955,13.58,13.58,13.58,13.58,0
1732893960,13.58,13.58,13.58,13.58,0
1732893965,13.58,13.58,13.58,13.58,0
1732893970,13.58,13.58,13.58,13.58,0
1732893975,13.59,13.59,13.59,13.59,0
1732893980,13.59,13.59,13.59,13.59,0
1732893985,13.59,13.59,13.59,13.59,0
1732893990,13.6,13.6,13.6,13.6,0
1732893995,13.6,13.6,13.6,13.6,0
1732894000,13.6,13.6,13.6,13.6,0
1732894005,13.61,13.61,13.61,13.61,0
1732894010,13.61,13.61,13.61,13.61,0
1732894015,13.61,13.61,13.61,13.61,0
1732894020,13.61,13.61,13.61,13.61,0
1732894025,13.61,13.61,13.61,13.61,0
1732894030,13.61,13.61,13.61,13.61,0
1732894035,13.6,13.6,13.6,13.6,0
1732894040,13.6,13.6,13.6,13.6,0
1732894045,13.6,13.6,13.6,13.6,0
1732894050,13.59,13.59,13.59,13.59,0
1732894055,13.59,13.59,13.59,13.59,0
1732894060,13.59,13.59,13.59,13.59,0
1732894065,13.58,13.58,13.58,13.58,0
1732894070,13.58,13.58,13.58,13.58,0
1732894075,13.58,13.58,13.58,13.58,0
1732894080,13.58,13.58,13.58,13.58,0
1732894085,13.58,13.58,13.58,13.58,0
1732894090,13.58,13.58,13.58,13.58,0
1732894095,13.57,13.57,13.57,13.57,0
1732894100,13.57,13.57,13.57,13.57,0
1732894105,13.57,13.57,13.57,13.57,0
1732894110,13.57,13.57,13.57,13.57,0
1732894115,13.57,13.57,13.57,13.57,0
1732894120,13.57,13.57,13.57,13.57,0
1732894125,13.57,13.57,13.57,13.57,0
1732894130,13.57,13.57,13.57,13.57,0
1732894135,13.57,13.57,13.57,13.57,0
1732894140,13.56,13.56,13.56,13.56,0
1732894145,13.56,13.56,13.56,13.56,0
1732894150,13.56,13.56,13.56,13.56,0
1732894155,13.56,13.56,13.56,13.56,0
1732894160,13.56,13.56,13.56,13.56,0
1732894165,13.56,13.56,13.56,13.56,0
1732894170,13.57,13.57,13.57,13.57,0
1732894175,13.57,13.57,13.57,13.57,0
1732894180,13.57,13.57,13.57,13.57,0
1732894185,13.58,13.58,13.58,13.58,0
1732894190,13.58,13.58,13.58,13.58,0
1732894195,13.58,13.58,13.58,13.58,0
1732894200,13.58,13.58,13.58,13.58,0
1732894205,13.58,13.58,13.58,13.58,0
1732894210,13.58,13.58,13.58,13.58,0
1732894215,13.57,13.57,13.57,13.57,0
1732894220,13.57,13.57,13.57,13.57,0
1732894225,13.57,13.57,13.57,13.57,0
1732894230,13.57,13.57,13.57,13.57,0
1732894235,13.57,13.57,13.57,13.57,0
1732894240,13.57,13.57,13.57,13.57,0
1732894245,13.57,13.57,13.57,13.57,0
1732894250,13.57,13.57,13.57,13.57,0
1732894255,13.57,13.57,13.57,13.57,0
1732894260,13.57,13.57,13.57,13.57,0
1732894265,13.57,13.57,13.57,13.57,0
1732894270,13.57,13.57,13.57,13.57,0
1732894275,13.56,13.56,13.56,13.56,0
1732894280,13.56,13.56,13.56,13.56,0
1732894285,13.56,13.56,13.56,13.56,0
1732894290,13.57,13.57,13.57,13.57,0
1732894295,13.57,13.57,13.57,13.57,0
1732894300,13.57,13.57,13.57,13.57,0
1732894305,13.56,13.56,13.56,13.56,0
1732894310,13.56,13.56,13.56,13.56,0
1732894315,13.56,13.56,13.56,13.56,0
1732894320,13.56,13.56,13.56,13.56,0
1732894325,13.56,13.56,13.56,13.56,0
1732894330,13.56,13.56,13.56,13.56,0
1732894335,13.56,13.56,13.56,13.56,0
1732894340,13.56,13.56,13.56,13.56,0
1732894345,13.56,13.56,13.56,13.56,0
1732894350,13.56,13.56,13.56,13.56,0
1732894355,13.56,13.56,13.56,13.56,0
1732894360,13.56,13.56,13.56,13.56,0
1732894365,13.57,13.57,13.57,13.57,0
1732894370,13.57,13.57,13.57,13.57,0
1732894375,13.57,13.57,13.57,13.57,0
1732894380,13.56,13.56,13.56,13.56,0
1732894385,13.56,13.56,13.56,13.56,0
1732894390,13.56,13.56,13.56,13.56,0
1732894395,13.56,13.56,13.56,13.56,0
1732894400,13.56,13.56,13.56,13.56,0
1732894405,13.56,13.56,13.56,13.56,0
1732894410,13.55,13.55,13.55,13.55,0
1732894415,13.55,13.55,13.55,13.55,0
1732894420,13.55,13.55,13.55,13.55,0
1732894425,13.55,13.55,13.55,13.55,0
1732894430,13.55,13.55,13.55,13.55,0
1732894435,13.55,13.55,13.55,13.55,0
1732894440,13.55,13.55,13.55,13.55,0
1732894445,13.55,13.55,13.55,13.55,0
1732894450,13.55,13.55,13.55,13.55,0
1732894455,13.55,13.55,13.55,13.55,0
1732894460,13.55,13.55,13.55,13.55,0
1732894465,13.55,13.55,13.55,13.55,0
1732894470,13.53,13.53,13.53,13.53,0
1732894475,13.53,13.53,13.53,13.53,0
1732894480,13.53,13.53,13.53,13.53,0
1732894485,13.53,13.53,13.53,13.53,0
1732894490,13.53,13.53,13.53,13.53,0
1732894495,13.53,13.53,13.53,13.53,0
1732894500,13.52,13.52,13.52,13.52,0
1732894505,13.52,13.52,13.52,13.52,0
1732894510,13.52,13.52,13.52,13.52,0
1732894515,13.52,13.52,13.52,13.52,0
1732894520,13.52,13.52,13.52,13.52,0
1732894525,13.52,13.52,13.52,13.52,0
1732894530,13.54,13.54,13.54,13.54,0
1732894535,13.54,13.54,13.54,13.54,0
1732894540,13.54,13.54,13.54,13.54,0
1732894545,13.54,13.54,13.54,13.54,0
1732894550,13.54,13.54,13.54,13.54,0
1732894555,13.54,13.54,13.54,13.54,0
1732894560,13.53,13.53,13.53,13.53,0
1732894565,13.53,13.53,13.53,13.53,0
1732894570,13.53,13.53,13.53,13.53,0
1732894575,13.53,13.53,13.53,13.53,0
1732894580,13.53,13.53,13.53,13.53,0
1732894585,13.53,13.53,13.53,13.53,0
1732894590,13.53,13.53,13.53,13.53,0
1732894595,13.53,13.53,13.53,13.53,0
1732894600,13.53,13.53,13.53,13.53,0
1732894605,13.53,13.53,13.53,13.53,0
1732894610,13.53,13.53,13.53,13.53,0
1732894615,13.53,13.53,13.53,13.53,0
1732894620,13.52,13.52,13.52,13.52,0
1732894625,13.52,13.52,13.52,13.52,0
1732894630,13.52,13.52,13.52,13.52,0
1732894635,13.52,13.52,13.52,13.52,0
1732894640,13.52,13.52,13.52,13.52,0
1732894645,13.52,13.52,13.52,13.52,0
1732894650,13.51,13.51,13.51,13.51,0
1732894655,13.51,13.51,13.51,13.51,0
1732894660,13.51,13.51,13.51,13.51,0
1732894665,13.51,13.51,13.51,13.51,0
1732894670,13.51,13.51,13.51,13.51,0
1732894675,13.51,13.51,13.51,13.51,0
1732894680,13.51,13.51,13.51,13.51,0
1732894685,13.51,13.51,13.51,13.51,0
1732894690,13.51,13.51,13.51,13.51,0
1732894695,13.51,13.51,13.51,13.51,0
1732894700,13.51,13.51,13.51,13.51,0
1732894705,13.51,13.51,13.51,13.51,0
1732894710,13.52,13.52,13.52,13.52,0
1732894715,13.52,13.52,13.52,13.52,0
1732894720,13.52,13.52,13.52,13.52,0
1732894725,13.53,13.53,13.53,13.53,0
1732894730,13.53,13.53,13.53,13.53,0
1732894735,13.53,13.53,13.53,13.53,0
1732894740,13.53,13.53,13.53,13.53,0
1732894745,13.53,13.53,13.53,13.53,0
1732894750,13.53,13.53,13.53,13.53,0
1732894755,13.53,13.53,13.53,13.53,0
1732894760,13.53,13.53,13.53,13.53,0
1732894765,13.53,13.53,13.53,13.53,0
1732894770,13.53,13.53,13.53,13.53,0
1732894775,13.53,13.53,13.53,13.53,0
1732894780,13.53,13.53,13.53,13.53,0
1732894785,13.53,13.53,13.53,13.53,0
1732894790,13.53,13.53,13.53,13.53,0
1732894795,13.53,13.53,13.53,13.53,0
1732894800,13.53,13.53,13.53,13.53,0
1732894805,13.53,13.53,13.53,13.53,0
1732894810,13.53,13.53,13.53,13.53,0
1732894815,13.53,13.53,13.53,13.53,0
1732894820,13.53,13.53,13.53,13.53,0
1732894825,13.53,13.53,13.53,13.53,0
1732894830,13.53,13.53,13.53,13.53,0
1732894835,13.53,13.53,13.53,13.53,0
1732894840,13.53,13.53,13.53,13.53,0
1732894845,13.52,13.52,13.52,13.52,0
1732894850,13.52,13.52,13.52,13.52,0
1732894855,13.52,13.52,13.52,13.52,0
1732894860,13.54,13.54,13.54,13.54,0
1732894865,13.54,13.54,13.54,13.54,0
1732894870,13.54,13.54,13.54,13.54,0
1732894875,13.55,13.55,13.55,13.55,0
1732894880,13.55,13.55,13.55,13.55,0
1732894885,13.55,13.55,13.55,13.55,0
1732894890,13.54,13.54,13.54,13.54,0
1732894895,13.54,13.54,13.54,13.54,0
1732894900,13.54,13.54,13.54,13.54,0
1732894905,13.53,13.53,13.53,13.53,0
1732894910,13.53,13.53,13.53,13.53,0
1732894915,13.53,13.53,13.53,13.53,0
1732894920,13.52,13.52,13.52,13.52,0
1732894925,13.52,13.52,13.52,13.52,0
1732894930,13.52,13.52,13.52,13.52,0
1732894935,13.52,13.52,13.52,13.52,0
1732894940,13.52,13.52,13.52,13.52,0
1732894945,13.52,13.52,13.52,13.52,0
1732894950,13.52,13.52,13.52,13.52,0
1732894955,13.52,13.52,13.52,13.52,0
1732894960,13.52,13.52,13.52,13.52,0
1732894965,13.52,13.52,13.52,13.52,0
1732894970,13.52,13.52,13.52,13.52,0
1732894975,13.52,13.52,13.52,13.52,0
1732894980,13.52,13.52,13.52,13.52,0
1732894985,13.52,13.52,13.52,13.52,0
1732894990,13.52,13.52,13.52,13.52,0
1732894995,13.51,13.51,13.51,13.51,0
1732895000,13.51,13.51,13.51,13.51,0
1732895005,13.51,13.51,13.51,13.51,0
1732895010,13.5,13.5,13.5,13.5,0
1732895015,13.5,13.5,13.5,13.5,0
1732895020,13.5,13.5,13.5,13.5,0
1732895025,13.51,13.51,13.51,13.51,0
1732895030,13.51,13.51,13.51,13.51,0
1732895035,13.51,13.51,13.51,13.51,0
1732895040,13.52,13.52,13.52,13.52,0
1732895045,13.52,13.52,13.52,13.52,0
1732895050,13.52,13.52,13.52,13.52,0
1732895055,13.52,13.52,13.52,13.52,0
1732895060,13.52,13.52,13.52,13.52,0
1732895065,13.52,13.52,13.52,13.52,0
1732895070,13.52,13.52,13.52,13.52,0
1732895075,13.52,13.52,13.52,13.52,0
1732895080,13.52,13.52,13.52,13.52,0
1732895085,13.52,13.52,13.52,13.52,0
1732895090,13.52,13.52,13.52,13.52,0
1732895095,13.52,13.52,13.52,13.52,0
1732895100,13.53,13.53,13.53,13.53,0
1732895105,13.53,13.53,13.53,13.53,0
1732895110,13.53,13.53,13.53,13.53,0
1732895115,13.53,13.53,13.53,13.53,0
1732895120,13.53,13.53,13.53,13.53,0
1732895125,13.53,13.53,13.53,13.53,0
1732895130,13.53,13.53,13.53,13.53,0
1732895135,13.53,13.53,13.53,13.53,0
1732895140,13.53,13.53,13.53,13.53,0
1732895145,13.52,13.52,13.52,13.52,0
1732895150,13.52,13.52,13.52,13.52,0
1732895155,13.52,13.52,13.52,13.52,0
1732895160,13.52,13.52,13.52,13.52,0
1732895165,13.52,13.52,13.52,13.52,0
1732895170,13.52,13.52,13.52,13.52,0
1732895175,13.54,13.54,13.54,13.54,0
1732895180,13.54,13.54,13.54,13.54,0
1732895185,13.54,13.54,13.54,13.54,0
1732895190,13.54,13.54,13.54,13.54,0
1732895195,13.54,13.54,13.54,13.54,0
1732895200,13.54,13.54,13.54,13.54,0
1732895205,13.54,13.54,13.54,13.54,0
1732895210,13.54,13.54,13.54,13.54,0
1732895215,13.54,13.54,13.54,13.54,0
1732895220,13.55,13.55,13.55,13.55,0
1732895225,13.55,13.55,13.55,13.55,0
1732895230,13.55,13.55,13.55,13.55,0
1732895235,13.54,13.54,13.54,13.54,0
1732895240,13.54,13.54,13.54,13.54,0
1732895245,13.54,13.54,13.54,13.54,0
1732895250,13.55,13.55,13.55,13.55,0
1732895255,13.55,13.55,13.55,13.55,0
1732895260,13.55,13.55,13.55,13.55,0
1732895265,13.57,13.57,13.57,13.57,0
1732895270,13.57,13.57,13.57,13.57,0
1732895275,13.57,13.57,13.57,13.57,0
1732895280,13.56,13.56,13.56,13.56,0
1732895285,13.56,13.56,13.56,13.56,0
1732895290,13.56,13.56,13.56,13.56,0
1732895295,13.55,13.55,13.55,13.55,0
1732895300,13.55,13.55,13.55,13.55,0
1732895305,13.55,13.55,13.55,13.55,0
1732895310,13.55,13.55,13.55,13.55,0
1732895315,13.55,13.55,13.55,13.55,0
1732895320,13.55,13.55,13.55,13.55,0
1732895325,13.56,13.56,13.56,13.56,0
1732895330,13.56,13.56,13.56,13.56,0
1732895335,13.56,13.56,13.56,13.56,0
1732895340,13.56,13.56,13.56,13.56,0
1732895345,13.56,13.56,13.56,13.56,0
1732895350,13.56,13.56,13.56,13.56,0
1732895355,13.56,13.56,13.56,13.56,0
1732895360,13.56,13.56,13.56,13.56,0
1732895365,13.56,13.56,13.56,13.56,0
1732895370,13.55,13.55,13.55,13.55,0
1732895375,13.55,13.55,13.55,13.55,0
1732895380,13.55,13.55,13.55,13.55,0
1732895385,13.55,13.55,13.55,13.55,0
1732895390,13.55,13.55,13.55,13.55,0
1732895395,13.55,13.55,13.55,13.55,0
1732895400,13.55,13.55,13.55,13.55,0
1732895405,13.55,13.55,13.55,13.55,0
1732895410,13.55,13.55,13.55,13.55,0
1732895415,13.55,13.55,13.55,13.55,0
1732895420,13.55,13.55,13.55,13.55,0
1732895425,13.55,13.55,13.55,13.55,0
1732895430,13.54,13.54,13.54,13.54,0
1732895435,13.54,13.54,13.54,13.54,0
1732895440,13.54,13.54,13.54,13.54,0
1732895445,13.55,13.55,13.55,13.55,0
1732895450,13.55,13.55,13.55,13.55,0
1732895455,13.55,13.55,13.55,13.55,0
1732895460,13.55,13.55,13.55,13.55,0
1732895465,13.55,13.55,13.55,13.55,0
1732895470,13.55,13.55,13.55,13.55,0
1732895475,13.54,13.54,13.54,13.54,0
1732895480,13.54,13.54,13.54,13.54,0
1732895485,13.54,13.54,13.54,13.54,0
1732895490,13.54,13.54,13.54,13.54,0
1732895495,13.54,13.54,13.54,13.54,0
1732895500,13.54,13.54,13.54,13.54,0
1732895505,13.53,13.53,13.53,13.53,0
1732895510,13.53,13.53,13.53,13.53,0
1732895515,13.53,13.53,13.53,13.53,0
1732895520,13.53,13.53,13.53,13.53,0
1732895525,13.53,13.53,13.53,13.53,0
1732895530,13.53,13.53,13.53,13.53,0
1732895535,13.54,13.54,13.54,13.54,0
1732895540,13.54,13.54,13.54,13.54,0
1732895545,13.54,13.54,13.54,13.54,0
1732895550,13.53,13.53,13.53,13.53,0
1732895555,13.53,13.53,13.53,13.53,0
1732895560,13.53,13.53,13.53,13.53,0
1732895565,13.53,13.53,13.53,13.53,0
1732895570,13.53,13.53,13.53,13.53,0
1732895575,13.53,13.53,13.53,13.53,0
1732895580,13.53,13.53,13.53,13.53,0
1732895585,13.53,13.53,13.53,13.53,0
1732895590,13.53,13.53,13.53,13.53,0
1732895595,13.53,13.53,13.53,13.53,0
1732895600,13.53,13.53,13.53,13.53,0
1732895605,13.53,13.53,13.53,13.53,0
1732895610,13.53,13.53,13.53,13.53,0
1732895615,13.53,13.53,13.53,13.53,0
1732895620,13.53,13.53,13.53,13.53,0
1732895625,13.53,13.53,13.53,13.53,0
1732895630,13.53,13.53,13.53,13.53,0
1732895635,13.53,13.53,13.53,13.53,0
1732895640,13.53,13.53,13.53,13.53,0
1732895645,13.53,13.53,13.53,13.53,0
1732895650,13.53,13.53,13.53,13.53,0
1732895655,13.53,13.53,13.53,13.53,0
1732895660,13.53,13.53,13.53,13.53,0
1732895665,13.53,13.53,13.53,13.53,0
1732895670,13.53,13.53,13.53,13.53,0
1732895675,13.53,13.53,13.53,13.53,0
1732895680,13.53,13.53,13.53,13.53,0
1732895685,13.53,13.53,13.53,13.53,0
1732895690,13.53,13.53,13.53,13.53,0
1732895695,13.53,13.53,13.53,13.53,0
1732895700,13.53,13.53,13.53,13.53,0
1732895705,13.53,13.53,13.53,13.53,0
1732895710,13.53,13.53,13.53,13.53,0
1732895715,13.52,13.52,13.52,13.52,0
1732895720,13.52,13.52,13.52,13.52,0
1732895725,13.52,13.52,13.52,13.52,0
1732895730,13.52,13.52,13.52,13.52,0
1732895735,13.52,13.52,13.52,13.52,0
1732895740,13.52,13.52,13.52,13.52,0
1732895745,13.52,13.52,13.52,13.52,0
1732895750,13.52,13.52,13.52,13.52,0
1732895755,13.52,13.52,13.52,13.52,0
1732895760,13.53,13.53,13.53,13.53,0
1732895765,13.53,13.53,13.53,13.53,0
1732895770,13.53,13.53,13.53,13.53,0
1732895775,13.53,13.53,13.53,13.53,0
1732895780,13.53,13.53,13.53,13.53,0
1732895785,13.53,13.53,13.53,13.53,0
1732895790,13.53,13.53,13.53,13.53,0
1732895795,13.53,13.53,13.53,13.53,0
1732895800,13.53,13.53,13.53,13.53,0
1732895805,13.53,13.53,13.53,13.53,0
1732895810,13.53,13.53,13.53,13.53,0
1732895815,13.53,13.53,13.53,13.53,0
1732895820,13.53,13.53,13.53,13.53,0
1732895825,13.53,13.53,13.53,13.53,0
1732895830,13.53,13.53,13.53,13.53,0
1732895835,13.53,13.53,13.53,13.53,0
1732895840,13.53,13.53,13.53,13.53,0
1732895845,13.53,13.53,13.53,13.53,0
1732895850,13.53,13.53,13.53,13.53,0
1732895855,13.53,13.53,13.53,13.53,0
1732895860,13.53,13.53,13.53,13.53,0
1732895865,13.53,13.53,13.53,13.53,0
1732895870,13.53,13.53,13.53,13.53,0
1732895875,13.53,13.53,13.53,13.53,0
1732895880,13.53,13.53,13.53,13.53,0
1732895885,13.53,13.53,13.53,13.53,0
1732895890,13.53,13.53,13.53,13.53,0
1732895895,13.52,13.52,13.52,13.52,0
1732895900,13.52,13.52,13.52,13.52,0
1732895905,13.52,13.52,13.52,13.52,0
1732895910,13.52,13.52,13.52,13.52,0
1732895915,13.52,13.52,13.52,13.52,0
1732895920,13.52,13.52,13.52,13.52,0
1732895925,13.53,13.53,13.53,13.53,0
1732895930,13.53,13.53,13.53,13.53,0
1732895935,13.53,13.53,13.53,13.53,0
1732895940,13.53,13.53,13.53,13.53,0
1732895945,13.53,13.53,13.53,13.53,0
1732895950,13.53,13.53,13.53,13.53,0
1732895955,13.53,13.53,13.53,13.53,0
1732895960,13.53,13.53,13.53,13.53,0
1732895965,13.53,13.53,13.53,13.53,0
1732895970,13.53,13.53,13.53,13.53,0
1732895975,13.53,13.53,13.53,13.53,0
1732895980,13.53,13.53,13.53,13.53,0
1732895985,13.53,13.53,13.53,13.53,0
1732895990,13.53,13.53,13.53,13.53,0
1732895995,13.53,13.53,13.53,13.53,0
1732896000,13.53,13.53,13.53,13.53,0
1732896005,13.53,13.53,13.53,13.53,0
1732896010,13.53,13.53,13.53,13.53,0
1732896015,13.53,13.53,13.53,13.53,0
1732896020,13.53,13.53,13.53,13.53,0
1732896025,13.53,13.53,13.53,13.53,0
1732896030,13.52,13.52,13.52,13.52,0
1732896035,13.52,13.52,13.52,13.52,0
1732896040,13.52,13.52,13.52,13.52,0
1732896045,13.51,13.51,13.51,13.51,0
1732896050,13.51,13.51,13.51,13.51,0
1732896055,13.51,13.51,13.51,13.51,0
1732896060,13.52,13.52,13.52,13.52,0
1732896065,13.52,13.52,13.52,13.52,0
1732896070,13.52,13.52,13.52,13.52,0
1732896075,13.51,13.51,13.51,13.51,0
1732896080,13.51,13.51,13.51,13.51,0
1732896085,13.51,13.51,13.51,13.51,0
1732896090,13.5,13.5,13.5,13.5,0
1732896095,13.5,13.5,13.5,13.5,0
1732896100,13.5,13.5,13.5,13.5,0
1732896105,13.49,13.49,13.49,13.49,0
1732896110,13.49,13.49,13.49,13.49,0
1732896115,13.49,13.49,13.49,13.49,0
1732896120,13.51,13.51,13.51,13.51,0
1732896125,13.51,13.51,13.51,13.51,0
1732896130,13.51,13.51,13.51,13.51,0
1732896135,13.5,13.5,13.5,13.5,0
1732896140,13.5,13.5,13.5,13.5,0
1732896145,13.5,13.5,13.5,13.5,0
1732896150,13.51,13.51,13.51,13.51,0
1732896155,13.51,13.51,13.51,13.51,0
1732896160,13.51,13.51,13.51,13.51,0
1732896165,13.51,13.51,13.51,13.51,0
1732896170,13.51,13.51,13.51,13.51,0
1732896175,13.51,13.51,13.51,13.51,0
1732896180,13.52,13.52,13.52,13.52,0
1732896185,13.52,13.52,13.52,13.52,0
1732896190,13.52,13.52,13.52,13.52,0
1732896195,13.52,13.52,13.52,13.52,0
1732896200,13.52,13.52,13.52,13.52,0
1732896205,13.52,13.52,13.52,13.52,0
1732896210,13.52,13.52,13.52,13.52,0
1732896215,13.52,13.52,13.52,13.52,0
1732896220,13.52,13.52,13.52,13.52,0
1732896225,13.51,13.51,13.51,13.51,0
1732896230,13.51,13.51,13.51,13.51,0
1732896235,13.51,13.51,13.51,13.51,0
1732896240,13.51,13.51,13.51,13.51,0
1732896245,13.51,13.51,13.51,13.51,0
1732896250,13.51,13.51,13.51,13.51,0
1732896255,13.51,13.51,13.51,13.51,0
1732896260,13.51,13.51,13.51,13.51,0
1732896265,13.51,13.51,13.51,13.51,0
1732896270,13.51,13.51,13.51,13.51,0
1732896275,13.51,13.51,13.51,13.51,0
1732896280,13.51,13.51,13.51,13.51,0
1732896285,13.51,13.51,13.51,13.51,0
1732896290,13.51,13.51,13.51,13.51,0
1732896295,13.51,13.51,13.51,13.51,0
1732896300,13.5,13.5,13.5,13.5,0
1732896305,13.5,13.5,13.5,13.5,0
1732896310,13.5,13.5,13.5,13.5,0
1732896315,13.52,13.52,13.52,13.52,0
1732896320,13.52,13.52,13.52,13.52,0
1732896325,13.52,13.52,13.52,13.52,0
1732896330,13.53,13.53,13.53,13.53,0
1732896335,13.53,13.53,13.53,13.53,0
1732896340,13.53,13.53,13.53,13.53,0
1732896345,13.51,13.51,13.51,13.51,0
1732896350,13.51,13.51,13.51,13.51,0
1732896355,13.51,13.51,13.51,13.51,0
1732896360,13.51,13.51,13.51,13.51,0
1732896365,13.51,13.51,13.51,13.51,0
1732896370,13.51,13.51,13.51,13.51,0
1732896375,13.52,13.52,13.52,13.52,0
1732896380,13.52,13.52,13.52,13.52,0
1732896385,13.52,13.52,13.52,13.52,0
1732896390,13.52,13.52,13.52,13.52,0
1732896395,13.52,13.52,13.52,13.52,0
1732896400,13.52,13.52,13.52,13.52,0
1732896405,13.53,13.53,13.53,13.53,0
1732896410,13.53,13.53,13.53,13.53,0
1732896415,13.53,13.53,13.53,13.53,0
1732896420,13.52,13.52,13.52,13.52,0
1732896425,13.52,13.52,13.52,13.52,0
1732896430,13.52,13.52,13.52,13.52,0
1732896435,13.52,13.52,13.52,13.52,0
1732896440,13.52,13.52,13.52,13.52,0
1732896445,13.52,13.52,13.52,13.52,0
1732896450,13.52,13.52,13.52,13.52,0
1732896455,13.52,13.52,13.52,13.52,0
1732896460,13.52,13.52,13.52,13.52,0
1732896465,13.54,13.54,13.54,13.54,0
1732896470,13.54,13.54,13.54,13.54,0
1732896475,13.54,13.54,13.54,13.54,0
1732896480,13.54,13.54,13.54,13.54,0
1732896485,13.54,13.54,13.54,13.54,0
1732896490,13.54,13.54,13.54,13.54,0
1732896495,13.54,13.54,13.54,13.54,0
1732896500,13.54,13.54,13.54,13.54,0
1732896505,13.54,13.54,13.54,13.54,0
1732896510,13.53,13.53,13.53,13.53,0
1732896515,13.53,13.53,13.53,13.53,0
1732896520,13.53,13.53,13.53,13.53,0
1732896525,13.53,13.53,13.53,13.53,0
1732896530,13.53,13.53,13.53,13.53,0
1732896535,13.53,13.53,13.53,13.53,0
1732896540,13.53,13.53,13.53,13.53,0
1732896545,13.53,13.53,13.53,13.53,0
1732896550,13.53,13.53,13.53,13.53,0
1732896555,13.51,13.51,13.51,13.51,0
1732896560,13.51,13.51,13.51,13.51,0
1732896565,13.51,13.51,13.51,13.51,0
1732896570,13.51,13.51,13.51,13.51,0
1732896575,13.51,13.51,13.51,13.51,0
1732896580,13.51,13.51,13.51,13.51,0
1732896585,13.5,13.5,13.5,13.5,0
1732896590,13.5,13.5,13.5,13.5,0
1732896595,13.5,13.5,13.5,13.5,0
1732896600,13.52,13.52,13.52,13.52,0
1732896605,13.52,13.52,13.52,13.52,0
1732896610,13.52,13.52,13.52,13.52,0
1732896615,13.53,13.53,13.53,13.53,0
1732896620,13.53,13.53,13.53,13.53,0
1732896625,13.53,13.53,13.53,13.53,0
1732896630,13.53,13.53,13.53,13.53,0
1732896635,13.53,13.53,13.53,13.53,0
1732896640,13.53,13.53,13.53,13.53,0
1732896645,13.53,13.53,13.53,13.53,0
1732896650,13.53,13.53,13.53,13.53,0
1732896655,13.53,13.53,13.53,13.53,0
1732896660,13.53,13.53,13.53,13.53,0
1732896665,13.53,13.53,13.53,13.53,0
1732896670,13.53,13.53,13.53,13.53,0
1732896675,13.53,13.53,13.53,13.53,0
1732896680,13.53,13.53,13.53,13.53,0
1732896685,13.53,13.53,13.53,13.53,0
1732896690,13.52,13.52,13.52,13.52,0
1732896695,13.52,13.52,13.52,13.52,0
1732896700,13.52,13.52,13.52,13.52,0
1732896705,13.53,13.53,13.53,13.53,0
1732896710,13.53,13.53,13.53,13.53,0
1732896715,13.53,13.53,13.53,13.53,0
1732896720,13.53,13.53,13.53,13.53,0
1732896725,13.53,13.53,13.53,13.53,0
1732896730,13.53,13.53,13.53,13.53,0
1732896735,13.53,13.53,13.53,13.53,0
1732896740,13.53,13.53,13.53,13.53,0
1732896745,13.53,13.53,13.53,13.53,0
1732896750,13.54,13.54,13.54,13.54,0
1732896755,13.54,13.54,13.54,13.54,0
1732896760,13.54,13.54,13.54,13.54,0
1732896765,13.53,13.53,13.53,13.53,0
1732896770,13.53,13.53,13.53,13.53,0
1732896775,13.53,13.53,13.53,13.53,0
1732896780,13.53,13.53,13.53,13.53,0
1732896785,13.53,13.53,13.53,13.53,0
1732896790,13.53,13.53,13.53,13.53,0
1732896795,13.54,13.54,13.54,13.54,0
1732896800,13.54,13.54,13.54,13.54,0
1732896805,13.54,13.54,13.54,13.54,0
1732896810,13.53,13.53,13.53,13.53,0
1732896815,13.53,13.53,13.53,13.53,0
1732896820,13.53,13.53,13.53,13.53,0
1732896825,13.53,13.53,13.53,13.53,0
1732896830,13.53,13.53,13.53,13.53,0
1732896835,13.53,13.53,13.53,13.53,0
1732896840,13.53,13.53,13.53,13.53,0
1732896845,13.53,13.53,13.53,13.53,0
1732896850,13.53,13.53,13.53,13.53,0
1732896855,13.53,13.53,13.53,13.53,0
1732896860,13.53,13.53,13.53,13.53,0
1732896865,13.53,13.53,13.53,13.53,0
1732896870,13.53,13.53,13.53,13.53,0
1732896875,13.53,13.53,13.53,13.53,0
1732896880,13.53,13.53,13.53,13.53,0
1732896885,13.52,13.52,13.52,13.52,0
1732896890,13.52,13.52,13.52,13.52,0
1732896895,13.52,13.52,13.52,13.52,0
1732896900,13.53,13.53,13.53,13.53,0
1732896905,13.53,13.53,13.53,13.53,0
1732896910,13.53,13.53,13.53,13.53,0
1732896915,13.53,13.53,13.53,13.53,0
1732896920,13.53,13.53,13.53,13.53,0
1732896925,13.53,13.53,13.53,13.53,0
1732896930,13.53,13.53,13.53,13.53,0
1732896935,13.53,13.53,13.53,13.53,0
1732896940,13.53,13.53,13.53,13.53,0
1732896945,13.52,13.52,13.52,13.52,0
1732896950,13.52,13.52,13.52,13.52,0
1732896955,13.52,13.52,13.52,13.52,0
1732896960,13.51,13.51,13.51,13.51,0
1732896965,13.51,13.51,13.51,13.51,0
1732896970,13.51,13.51,13.51,13.51,0
1732896975,13.51,13.51,13.51,13.51,0
1732896980,13.51,13.51,13.51,13.51,0
1732896985,13.51,13.51,13.51,13.51,0
1732896990,13.53,13.53,13.53,13.53,0
1732896995,13.53,13.53,13.53,13.53,0
1732897000,13.53,13.53,13.53,13.53,0
1732897005,13.53,13.53,13.53,13.53,0
1732897010,13.53,13.53,13.53,13.53,0
1732897015,13.53,13.53,13.53,13.53,0
1732897020,13.52,13.52,13.52,13.52,0
1732897025,13.52,13.52,13.52,13.52,0
1732897030,13.52,13.52,13.52,13.52,0
1732897035,13.52,13.52,13.52,13.52,0
1732897040,13.52,13.52,13.52,13.52,0
1732897045,13.52,13.52,13.52,13.52,0
1732897050,13.55,13.55,13.55,13.55,0
1732897055,13.55,13.55,13.55,13.55,0
1732897060,13.55,13.55,13.55,13.55,0
1732897065,13.55,13.55,13.55,13.55,0
1732897070,13.55,13.55,13.55,13.55,0
1732897075,13.55,13.55,13.55,13.55,0
1732897080,13.55,13.55,13.55,13.55,0
1732897085,13.55,13.55,13.55,13.55,0
1732897090,13.55,13.55,13.55,13.55,0
1732897095,13.55,13.55,13.55,13.55,0
1732897100,13.55,13.55,13.55,13.55,0
1732897105,13.55,13.55,13.55,13.55,0
1732897110,13.55,13.55,13.55,13.55,0
1732897115,13.55,13.55,13.55,13.55,0
1732897120,13.55,13.55,13.55,13.55,0
1732897125,13.57,13.57,13.57,13.57,0
1732897130,13.57,13.57,13.57,13.57,0
1732897135,13.57,13.57,13.57,13.57,0
1732897140,13.58,13.58,13.58,13.58,0
1732897145,13.58,13.58,13.58,13.58,0
1732897150,13.58,13.58,13.58,13.58,0
1732897155,13.58,13.58,13.58,13.58,0
1732897160,13.58,13.58,13.58,13.58,0
1732897165,13.58,13.58,13.58,13.58,0
1732897170,13.59,13.59,13.59,13.59,0
1732897175,13.59,13.59,13.59,13.59,0
1732897180,13.59,13.59,13.59,13.59,0
1732897185,13.59,13.59,13.59,13.59,0
1732897190,13.59,13.59,13.59,13.59,0
1732897195,13.59,13.59,13.59,13.59,0
1732897200,13.58,13.58,13.58,13.58,0
1732897205,13.58,13.58,13.58,13.58,0
1732897210,13.58,13.58,13.58,13.58,0
1732897215,13.58,13.58,13.58,13.58,0
1732897220,13.58,13.58,13.58,13.58,0
1732897225,13.58,13.58,13.58,13.58,0
1732897230,13.58,13.58,13.58,13.58,0
1732897235,13.58,13.58,13.58,13.58,0
1732897240,13.58,13.58,13.58,13.58,0
1732897245,13.58,13.58,13.58,13.58,0
1732897250,13.58,13.58,13.58,13.58,0
1732897255,13.58,13.58,13.58,13.58,0
1732897260,13.57,13.57,13.57,13.57,0
1732897265,13.57,13.57,13.57,13.57,0
1732897270,13.57,13.57,13.57,13.57,0
1732897275,13.58,13.58,13.58,13.58,0
1732897280,13.58,13.58,13.58,13.58,0
1732897285,13.58,13.58,13.58,13.58,0
1732897290,13.58,13.58,13.58,13.58,0
1732897295,13.58,13.58,13.58,13.58,0
1732897300,13.58,13.58,13.58,13.58,0
1732897305,13.58,13.58,13.58,13.58,0
1732897310,13.58,13.58,13.58,13.58,0
1732897315,13.58,13.58,13.58,13.58,0
1732897320,13.58,13.58,13.58,13.58,0
1732897325,13.58,13.58,13.58,13.58,0
1732897330,13.58,13.58,13.58,13.58,0
1732897335,13.64,13.64,13.64,13.64,0
1732897340,13.64,13.64,13.64,13.64,0
1732897345,13.64,13.64,13.64,13.64,0
1732897350,13.69,13.69,13.69,13.69,0
1732897355,13.69,13.69,13.69,13.69,0
1732897360,13.69,13.69,13.69,13.69,0
1732897365,13.71,13.71,13.71,13.71,0
1732897370,13.71,13.71,13.71,13.71,0
1732897375,13.71,13.71,13.71,13.71,0
1732897380,13.71,13.71,13.71,13.71,0
1732897385,13.71,13.71,13.71,13.71,0
1732897390,13.71,13.71,13.71,13.71,0
1732897395,13.71,13.71,13.71,13.71,0
1732897400,13.71,13.71,13.71,13.71,0
1732897405,13.71,13.71,13.71,13.71,0
1732897410,13.71,13.71,13.71,13.71,0
1732897415,13.71,13.71,13.71,13.71,0
1732897420,13.71,13.71,13.71,13.71,0
1732897425,13.71,13.71,13.71,13.71,0
1732897430,13.71,13.71,13.71,13.71,0
1732897435,13.71,13.71,13.71,13.71,0
1732897440,13.71,13.71,13.71,13.71,0
1732897445,13.71,13.71,13.71,13.71,0
1732897450,13.71,13.71,13.71,13.71,0
1732897455,13.71,13.71,13.71,13.71,0
1732897460,13.71,13.71,13.71,13.71,0
1732897465,13.71,13.71,13.71,13.71,0
1732897470,13.72,13.72,13.72,13.72,0
1732897475,13.72,13.72,13.72,13.72,0
1732897480,13.72,13.72,13.72,13.72,0
1732897485,13.72,13.72,13.72,13.72,0
1732897490,13.72,13.72,13.72,13.72,0
1732897495,13.72,13.72,13.72,13.72,0
1732897500,13.72,13.72,13.72,13.72,0
1732897505,13.72,13.72,13.72,13.72,0
1732897510,13.72,13.72,13.72,13.72,0
1732897515,13.74,13.74,13.74,13.74,0
1732897520,13.74,13.74,13.74,13.74,0
1732897525,13.74,13.74,13.74,13.74,0
1732897530,13.75,13.75,13.75,13.75,0
1732897535,13.75,13.75,13.75,13.75,0
1732897540,13.75,13.75,13.75,13.75,0
1732897545,13.75,13.75,13.75,13.75,0
1732897550,13.75,13.75,13.75,13.75,0
1732897555,13.75,13.75,13.75,13.75,0
1732897560,13.75,13.75,13.75,13.75,0
1732897565,13.75,13.75,13.75,13.75,0
1732897570,13.75,13.75,13.75,13.75,0
1732897575,13.75,13.75,13.75,13.75,0
1732897580,13.75,13.75,13.75,13.75,0
1732897585,13.75,13.75,13.75,13.75,0
1732897590,13.74,13.74,13.74,13.74,0
1732897595,13.74,13.74,13.74,13.74,0
1732897600,13.74,13.74,13.74,13.74,0
1732897605,13.75,13.75,13.75,13.75,0
1732897610,13.75,13.75,13.75,13.75,0
1732897615,13.75,13.75,13.75,13.75,0
1732897620,13.75,13.75,13.75,13.75,0
1732897625,13.75,13.75,13.75,13.75,0
1732897630,13.75,13.75,13.75,13.75,0
1732897635,13.75,13.75,13.75,13.75,0
1732897640,13.75,13.75,13.75,13.75,0
1732897645,13.75,13.75,13.75,13.75,0
1732897650,13.75,13.75,13.75,13.75,0
1732897655,13.75,13.75,13.75,13.75,0
1732897660,13.75,13.75,13.75,13.75,0
1732897665,13.75,13.75,13.75,13.75,0
1732897670,13.75,13.75,13.75,13.75,0
1732897675,13.75,13.75,13.75,13.75,0
1732897680,13.74,13.74,13.74,13.74,0
1732897685,13.74,13.74,13.74,13.74,0
1732897690,13.74,13.74,13.74,13.74,0
1732897695,13.74,13.74,13.74,13.74,0
1732897700,13.74,13.74,13.74,13.74,0
1732897705,13.74,13.74,13.74,13.74,0
1732897710,13.74,13.74,13.74,13.74,0
1732897715,13.74,13.74,13.74,13.74,0
1732897720,13.74,13.74,13.74,13.74,0
1732897725,13.75,13.75,13.75,13.75,0
1732897730,13.75,13.75,13.75,13.75,0
1732897735,13.75,13.75,13.75,13.75,0
1732897740,13.75,13.75,13.75,13.75,0
1732897745,13.75,13.75,13.75,13.75,0
1732897750,13.75,13.75,13.75,13.75,0
1732897755,13.75,13.75,13.75,13.75,0
1732897760,13.75,13.75,13.75,13.75,0
1732897765,13.75,13.75,13.75,13.75,0
1732897770,13.75,13.75,13.75,13.75,0
1732897775,13.75,13.75,13.75,13.75,0
1732897780,13.75,13.75,13.75,13.75,0
1732897785,13.75,13.75,13.75,13.75,0
1732897790,13.75,13.75,13.75,13.75,0
1732897795,13.75,13.75,13.75,13.75,0
1732897800,13.75,13.75,13.75,13.75,0
1732897805,13.75,13.75,13.75,13.75,0
1732897810,13.75,13.75,13.75,13.75,0
1732897815,13.74,13.74,13.74,13.74,0
1732897820,13.74,13.74,13.74,13.74,0
1732897825,13.74,13.74,13.74,13.74,0
1732897830,13.74,13.74,13.74,13.74,0
1732897835,13.74,13.74,13.74,13.74,0
1732897840,13.74,13.74,13.74,13.74,0
1732897845,13.74,13.74,13.74,13.74,0
1732897850,13.74,13.74,13.74,13.74,0
1732897855,13.74,13.74,13.74,13.74,0
1732897860,13.74,13.74,13.74,13.74,0
1732897865,13.74,13.74,13.74,13.74,0
1732897870,13.74,13.74,13.74,13.74,0
1732897875,13.75,13.75,13.75,13.75,0
1732897880,13.75,13.75,13.75,13.75,0
1732897885,13.75,13.75,13.75,13.75,0
1732897890,13.75,13.75,13.75,13.75,0
1732897895,13.75,13.75,13.75,13.75,0
1732897900,13.75,13.75,13.75,13.75,0
1732897905,13.75,13.75,13.75,13.75,0
1732897910,13.75,13.75,13.75,13.75,0
1732897915,13.75,13.75,13.75,13.75,0
1732897920,13.74,13.74,13.74,13.74,0
1732897925,13.74,13.74,13.74,13.74,0
1732897930,13.74,13.74,13.74,13.74,0
1732897935,13.73,13.73,13.73,13.73,0
1732897940,13.73,13.73,13.73,13.73,0
1732897945,13.73,13.73,13.73,13.73,0
1732897950,13.74,13.74,13.74,13.74,0
1732897955,13.74,13.74,13.74,13.74,0
1732897960,13.74,13.74,13.74,13.74,0
1732897965,13.73,13.73,13.73,13.73,0
1732897970,13.73,13.73,13.73,13.73,0
1732897975,13.73,13.73,13.73,13.73,0
1732897980,13.73,13.73,13.73,13.73,0
1732897985,13.73,13.73,13.73,13.73,0
1732897990,13.73,13.73,13.73,13.73,0
1732897995,13.73,13.73,13.73,13.73,0
1732898000,13.73,13.73,13.73,13.73,0
1732898005,13.73,13.73,13.73,13.73,0
1732898010,13.73,13.73,13.73,13.73,0
1732898015,13.73,13.73,13.73,13.73,0
1732898020,13.73,13.73,13.73,13.73,0
1732898025,13.72,13.72,13.72,13.72,0
1732898030,13.72,13.72,13.72,13.72,0
1732898035,13.72,13.72,13.72,13.72,0
1732898040,13.72,13.72,13.72,13.72,0
1732898045,13.72,13.72,13.72,13.72,0
1732898050,13.72,13.72,13.72,13.72,0
1732898055,13.73,13.73,13.73,13.73,0
1732898060,13.73,13.73,13.73,13.73,0
1732898065,13.73,13.73,13.73,13.73,0
1732898070,13.73,13.73,13.73,13.73,0
1732898075,13.73,13.73,13.73,13.73,0
1732898080,13.73,13.73,13.73,13.73,0
1732898085,13.72,13.72,13.72,13.72,0
1732898090,13.72,13.72,13.72,13.72,0
1732898095,13.72,13.72,13.72,13.72,0
1732898100,13.73,13.73,13.73,13.73,0
1732898105,13.73,13.73,13.73,13.73,0
1732898110,13.73,13.73,13.73,13.73,0
1732898115,13.72,13.72,13.72,13.72,0
1732898120,13.72,13.72,13.72,13.72,0
1732898125,13.72,13.72,13.72,13.72,0
1732898130,13.72,13.72,13.72,13.72,0
1732898135,13.72,13.72,13.72,13.72,0
1732898140,13.72,13.72,13.72,13.72,0
1732898145,13.72,13.72,13.72,13.72,0
1732898150,13.72,13.72,13.72,13.72,0
1732898155,13.72,13.72,13.72,13.72,0
1732898160,13.71,13.71,13.71,13.71,0
1732898165,13.71,13.71,13.71,13.71,0
1732898170,13.71,13.71,13.71,13.71,0
1732898175,13.72,13.72,13.72,13.72,0
1732898180,13.72,13.72,13.72,13.72,0
1732898185,13.72,13.72,13.72,13.72,0
1732898190,13.71,13.71,13.71,13.71,0
1732898195,13.71,13.71,13.71,13.71,0
1732898200,13.71,13.71,13.71,13.71,0
1732898205,13.72,13.72,13.72,13.72,0
1732898210,13.72,13.72,13.72,13.72,0
1732898215,13.72,13.72,13.72,13.72,0
1732898220,13.72,13.72,13.72,13.72,0
1732898225,13.72,13.72,13.72,13.72,0
1732898230,13.72,13.72,13.72,13.72,0
1732898235,13.71,13.71,13.71,13.71,0
1732898240,13.71,13.71,13.71,13.71,0
1732898245,13.71,13.71,13.71,13.71,0
1732898250,13.7,13.7,13.7,13.7,0
1732898255,13.7,13.7,13.7,13.7,0
1732898260,13.7,13.7,13.7,13.7,0
1732898265,13.7,13.7,13.7,13.7,0
1732898270,13.7,13.7,13.7,13.7,0
1732898275,13.7,13.7,13.7,13.7,0
1732898280,13.71,13.71,13.71,13.71,0
1732898285,13.71,13.71,13.71,13.71,0
1732898290,13.71,13.71,13.71,13.71,0
1732898295,13.72,13.72,13.72,13.72,0
1732898300,13.72,13.72,13.72,13.72,0
1732898305,13.72,13.72,13.72,13.72,0
1732898310,13.73,13.73,13.73,13.73,0
1732898315,13.73,13.73,13.73,13.73,0
1732898320,13.73,13.73,13.73,13.73,0
1732898325,13.73,13.73,13.73,13.73,0
1732898330,13.73,13.73,13.73,13.73,0
1732898335,13.73,13.73,13.73,13.73,0
1732898340,13.73,13.73,13.73,13.73,0
1732898345,13.73,13.73,13.73,13.73,0
1732898350,13.73,13.73,13.73,13.73,0
1732898355,13.72,13.72,13.72,13.72,0
1732898360,13.72,13.72,13.72,13.72,0
1732898365,13.72,13.72,13.72,13.72,0
1732898370,13.74,13.74,13.74,13.74,0
1732898375,13.74,13.74,13.74,13.74,0
1732898380,13.74,13.74,13.74,13.74,0
1732898385,13.71,13.71,13.71,13.71,0
1732898390,13.71,13.71,13.71,13.71,0
1732898395,13.71,13.71,13.71,13.71,0
1732898400,13.69,13.69,13.69,13.69,0
1732898405,13.69,13.69,13.69,13.69,0
1732898410,13.69,13.69,13.69,13.69,0
1732898415,13.67,13.67,13.67,13.67,0
1732898420,13.67,13.67,13.67,13.67,0
1732898425,13.67,13.67,13.67,13.67,0
1732898430,13.66,13.66,13.66,13.66,0
1732898435,13.66,13.66,13.66,13.66,0
1732898440,13.66,13.66,13.66,13.66,0
1732898445,13.66,13.66,13.66,13.66,0
1732898450,13.66,13.66,13.66,13.66,0
1732898455,13.66,13.66,13.66,13.66,0
1732898460,13.66,13.66,13.66,13.66,0
1732898465,13.66,13.66,13.66,13.66,0
1732898470,13.66,13.66,13.66,13.66,0
1732898475,13.66,13.66,13.66,13.66,0
1732898480,13.66,13.66,13.66,13.66,0
1732898485,13.66,13.66,13.66,13.66,0
1732898490,13.67,13.67,13.67,13.67,0
1732898495,13.67,13.67,13.67,13.67,0
1732898500,13.67,13.67,13.67,13.67,0
1732898505,13.67,13.67,13.67,13.67,0
1732898510,13.67,13.67,13.67,13.67,0
1732898515,13.67,13.67,13.67,13.67,0
1732898520,13.67,13.67,13.67,13.67,0
1732898525,13.67,13.67,13.67,13.67,0
1732898530,13.67,13.67,13.67,13.67,0
1732898535,13.67,13.67,13.67,13.67,0
1732898540,13.67,13.67,13.67,13.67,0
1732898545,13.67,13.67,13.67,13.67,0
1732898550,13.69,13.69,13.69,13.69,0
1732898555,13.69,13.69,13.69,13.69,0
1732898560,13.69,13.69,13.69,13.69,0
1732898565,13.7,13.7,13.7,13.7,0
1732898570,13.7,13.7,13.7,13.7,0
1732898575,13.7,13.7,13.7,13.7,0
1732898580,13.71,13.71,13.71,13.71,0
1732898585,13.71,13.71,13.71,13.71,0
1732898590,13.71,13.71,13.71,13.71,0
1732898595,13.71,13.71,13.71,13.71,0
1732898600,13.71,13.71,13.71,13.71,0
1732898605,13.71,13.71,13.71,13.71,0
1732898610,13.71,13.71,13.71,13.71,0
1732898615,13.71,13.71,13.71,13.71,0
1732898620,13.71,13.71,13.71,13.71,0
1732898625,13.71,13.71,13.71,13.71,0
1732898630,13.71,13.71,13.71,13.71,0
1732898635,13.71,13.71,13.71,13.71,0
1732898640,13.71,13.71,13.71,13.71,0
1732898645,13.71,13.71,13.71,13.71,0
1732898650,13.71,13.71,13.71,13.71,0
1732898655,13.71,13.71,13.71,13.71,0
1732898660,13.71,13.71,13.71,13.71,0
1732898665,13.71,13.71,13.71,13.71,0
1732898670,13.7,13.7,13.7,13.7,0
1732898675,13.7,13.7,13.7,13.7,0
1732898680,13.7,13.7,13.7,13.7,0
1732898685,13.7,13.7,13.7,13.7,0
1732898690,13.7,13.7,13.7,13.7,0
1732898695,13.7,13.7,13.7,13.7,0
1732898700,13.67,13.67,13.67,13.67,0
1732898705,13.67,13.67,13.67,13.67,0
1732898710,13.67,13.67,13.67,13.67,0
1732898715,13.66,13.66,13.66,13.66,0
1732898720,13.66,13.66,13.66,13.66,0
1732898725,13.66,13.66,13.66,13.66,0
1732898730,13.65,13.65,13.65,13.65,0
1732898735,13.65,13.65,13.65,13.65,0
1732898740,13.65,13.65,13.65,13.65,0
1732898745,13.65,13.65,13.65,13.65,0
1732898750,13.65,13.65,13.65,13.65,0
1732898755,13.65,13.65,13.65,13.65,0
1732898760,13.64,13.64,13.64,13.64,0
1732898765,13.64,13.64,13.64,13.64,0
1732898770,13.64,13.64,13.64,13.64,0
1732898775,13.65,13.65,13.65,13.65,0
1732898780,13.65,13.65,13.65,13.65,0
1732898785,13.65,13.65,13.65,13.65,0
1732898790,13.64,13.64,13.64,13.64,0
1732898795,13.64,13.64,13.64,13.64,0
1732898800,13.64,13.64,13.64,13.64,0
1732898805,13.64,13.64,13.64,13.64,0
1732898810,13.64,13.64,13.64,13.64,0
1732898815,13.64,13.64,13.64,13.64,0
1732898820,13.62,13.62,13.62,13.62,0
1732898825,13.62,13.62,13.62,13.62,0
1732898830,13.62,13.62,13.62,13.62,0
1732898835,13.62,13.62,13.62,13.62,0
1732898840,13.62,13.62,13.62,13.62,0
1732898845,13.62,13.62,13.62,13.62,0
1732898850,13.62,13.62,13.62,13.62,0
1732898855,13.62,13.62,13.62,13.62,0
1732898860,13.62,13.62,13.62,13.62,0
1732898865,13.62,13.62,13.62,13.62,0
1732898870,13.62,13.62,13.62,13.62,0
1732898875,13.62,13.62,13.62,13.62,0
1732898880,13.64,13.64,13.64,13.64,0
1732898885,13.64,13.64,13.64,13.64,0
1732898890,13.64,13.64,13.64,13.64,0
1732898895,13.64,13.64,13.64,13.64,0
1732898900,13.64,13.64,13.64,13.64,0
1732898905,13.64,13.64,13.64,13.64,0
1732898910,13.64,13.64,13.64,13.64,0
1732898915,13.64,13.64,13.64,13.64,0
1732898920,13.64,13.64,13.64,13.64,0
1732898925,13.64,13.64,13.64,13.64,0
1732898930,13.64,13.64,13.64,13.64,0
1732898935,13.64,13.64,13.64,13.64,0
1732898940,13.64,13.64,13.64,13.64,0
1732898945,13.64,13.64,13.64,13.64,0
1732898950,13.64,13.64,13.64,13.64,0
1732898955,13.63,13.63,13.63,13.63,0
1732898960,13.63,13.63,13.63,13.63,0
1732898965,13.63,13.63,13.63,13.63,0
1732898970,13.62,13.62,13.62,13.62,0
1732898975,13.62,13.62,13.62,13.62,0
1732898980,13.62,13.62,13.62,13.62,0
1732898985,13.63,13.63,13.63,13.63,0
1732898990,13.63,13.63,13.63,13.63,0
1732898995,13.63,13.63,13.63,13.63,0
1732899000,13.64,13.64,13.64,13.64,0
1732899005,13.64,13.64,13.64,13.64,0
1732899010,13.64,13.64,13.64,13.64,0
1732899015,13.64,13.64,13.64,13.64,0
1732899020,13.64,13.64,13.64,13.64,0
1732899025,13.64,13.64,13.64,13.64,0
1732899030,13.63,13.63,13.63,13.63,0
1732899035,13.63,13.63,13.63,13.63,0
1732899040,13.63,13.63,13.63,13.63,0
1732899045,13.64,13.64,13.64,13.64,0
1732899050,13.64,13.64,13.64,13.64,0
1732899055,13.64,13.64,13.64,13.64,0
1732899060,13.64,13.64,13.64,13.64,0
1732899065,13.64,13.64,13.64,13.64,0
1732899070,13.64,13.64,13.64,13.64,0
1732899075,13.64,13.64,13.64,13.64,0
1732899080,13.64,13.64,13.64,13.64,0
1732899085,13.64,13.64,13.64,13.64,0
1732899090,13.64,13.64,13.64,13.64,0
1732899095,13.64,13.64,13.64,13.64,0
1732899100,13.64,13.64,13.64,13.64,0
1732899105,13.64,13.64,13.64,13.64,0
1732899110,13.64,13.64,13.64,13.64,0
1732899115,13.64,13.64,13.64,13.64,0
1732899120,13.64,13.64,13.64,13.64,0
1732899125,13.64,13.64,13.64,13.64,0
1732899130,13.64,13.64,13.64,13.64,0
1732899135,13.64,13.64,13.64,13.64,0
1732899140,13.64,13.64,13.64,13.64,0
1732899145,13.64,13.64,13.64,13.64,0
1732899150,13.63,13.63,13.63,13.63,0
1732899155,13.63,13.63,13.63,13.63,0
1732899160,13.63,13.63,13.63,13.63,0
1732899165,13.63,13.63,13.63,13.63,0
1732899170,13.63,13.63,13.63,13.63,0
1732899175,13.63,13.63,13.63,13.63,0
1732899180,13.63,13.63,13.63,13.63,0
1732899185,13.63,13.63,13.63,13.63,0
1732899190,13.63,13.63,13.63,13.63,0
1732899195,13.63,13.63,13.63,13.63,0
1732899200,13.63,13.63,13.63,13.63,0
1732899205,13.63,13.63,13.63,13.63,0
1732899210,13.63,13.63,13.63,13.63,0
1732899215,13.63,13.63,13.63,13.63,0
1732899220,13.63,13.63,13.63,13.63,0
1732899225,13.63,13.63,13.63,13.63,0
1732899230,13.63,13.63,13.63,13.63,0
1732899235,13.63,13.63,13.63,13.63,0
1732899240,13.62,13.62,13.62,13.62,0
1732899245,13.62,13.62,13.62,13.62,0
1732899250,13.62,13.62,13.62,13.62,0
1732899255,13.63,13.63,13.63,13.63,0
1732899260,13.63,13.63,13.63,13.63,0
1732899265,13.63,13.63,13.63,13.63,0
1732899270,13.63,13.63,13.63,13.63,0
1732899275,13.63,13.63,13.63,13.63,0
1732899280,13.63,13.63,13.63,13.63,0
1732899285,13.63,13.63,13.63,13.63,0
1732899290,13.63,13.63,13.63,13.63,0
1732899295,13.63,13.63,13.63,13.63,0
1732899300,13.63,13.63,13.63,13.63,0
1732899305,13.63,13.63,13.63,13.63,0
1732899310,13.63,13.63,13.63,13.63,0
1732899315,13.64,13.64,13.64,13.64,0
1732899320,13.64,13.64,13.64,13.64,0
1732899325,13.64,13.64,13.64,13.64,0
1732899330,13.64,13.64,13.64,13.64,0
1732899335,13.64,13.64,13.64,13.64,0
1732899340,13.64,13.64,13.64,13.64,0
1732899345,13.64,13.64,13.64,13.64,0
1732899350,13.64,13.64,13.64,13.64,0
1732899355,13.64,13.64,13.64,13.64,0
1732899360,13.64,13.64,13.64,13.64,0
1732899365,13.64,13.64,13.64,13.64,0
1732899370,13.64,13.64,13.64,13.64,0
1732899375,13.64,13.64,13.64,13.64,0
1732899380,13.64,13.64,13.64,13.64,0
1732899385,13.64,13.64,13.64,13.64,0
1732899390,13.64,13.64,13.64,13.64,0
1732899395,13.64,13.64,13.64,13.64,0
1732899400,13.64,13.64,13.64,13.64,0
1732899405,13.64,13.64,13.64,13.64,0
1732899410,13.64,13.64,13.64,13.64,0
1732899415,13.64,13.64,13.64,13.64,0
1732899420,13.64,13.64,13.64,13.64,0
1732899425,13.64,13.64,13.64,13.64,0
1732899430,13.64,13.64,13.64,13.64,0
1732899435,13.63,13.63,13.63,13.63,0
1732899440,13.63,13.63,13.63,13.63,0
1732899445,13.63,13.63,13.63,13.63,0
1732899450,13.62,13.62,13.62,13.62,0
1732899455,13.62,13.62,13.62,13.62,0
1732899460,13.62,13.62,13.62,13.62,0
1732899465,13.61,13.61,13.61,13.61,0
1732899470,13.61,13.61,13.61,13.61,0
1732899475,13.61,13.61,13.61,13.61,0
1732899480,13.61,13.61,13.61,13.61,0
1732899485,13.61,13.61,13.61,13.61,0
1732899490,13.61,13.61,13.61,13.61,0
1732899495,13.61,13.61,13.61,13.61,0
1732899500,13.61,13.61,13.61,13.61,0
1732899505,13.61,13.61,13.61,13.61,0
1732899510,13.61,13.61,13.61,13.61,0
1732899515,13.61,13.61,13.61,13.61,0
1732899520,13.61,13.61,13.61,13.61,0
1732899525,13.62,13.62,13.62,13.62,0
1732899530,13.62,13.62,13.62,13.62,0
1732899535,13.62,13.62,13.62,13.62,0
1732899540,13.62,13.62,13.62,13.62,0
1732899545,13.62,13.62,13.62,13.62,0
1732899550,13.62,13.62,13.62,13.62,0
1732899555,13.62,13.62,13.62,13.62,0
1732899560,13.62,13.62,13.62,13.62,0
1732899565,13.62,13.62,13.62,13.62,0
1732899570,13.63,13.63,13.63,13.63,0
1732899575,13.63,13.63,13.63,13.63,0
1732899580,13.63,13.63,13.63,13.63,0
1732899585,13.63,13.63,13.63,13.63,0
1732899590,13.63,13.63,13.63,13.63,0
1732899595,13.63,13.63,13.63,13.63,0
1732899600,13.6,13.6,13.6,13.6,0
1732899605,13.6,13.6,13.6,13.6,0
1732899610,13.6,13.6,13.6,13.6,0
1732899615,13.64,13.64,13.64,13.64,0
1732899620,13.64,13.64,13.64,13.64,0
1732899625,13.64,13.64,13.64,13.64,0
1732899630,13.64,13.64,13.64,13.64,0
1732899635,13.64,13.64,13.64,13.64,0
1732899640,13.64,13.64,13.64,13.64,0
1732899645,13.64,13.64,13.64,13.64,0
1732899650,13.64,13.64,13.64,13.64,0
1732899655,13.64,13.64,13.64,13.64,0
1732899660,13.65,13.65,13.65,13.65,0
1732899665,13.65,13.65,13.65,13.65,0
1732899670,13.65,13.65,13.65,13.65,0
1732899675,13.65,13.65,13.65,13.65,0
1732899680,13.65,13.65,13.65,13.65,0
1732899685,13.65,13.65,13.65,13.65,0
1732899690,13.65,13.65,13.65,13.65,0
1732899695,13.65,13.65,13.65,13.65,0
1732899700,13.65,13.65,13.65,13.65,0
1732899705,13.65,13.65,13.65,13.65,0
1732899710,13.65,13.65,13.65,13.65,0
1732899715,13.65,13.65,13.65,13.65,0
1732899720,13.66,13.66,13.66,13.66,0
1732899725,13.66,13.66,13.66,13.66,0
1732899730,13.66,13.66,13.66,13.66,0
1732899735,13.65,13.65,13.65,13.65,0
1732899740,13.65,13.65,13.65,13.65,0
1732899745,13.65,13.65,13.65,13.65,0
1732899750,13.66,13.66,13.66,13.66,0
1732899755,13.66,13.66,13.66,13.66,0
1732899760,13.66,13.66,13.66,13.66,0
1732899765,13.67,13.67,13.67,13.67,0
1732899770,13.67,13.67,13.67,13.67,0
1732899775,13.67,13.67,13.67,13.67,0
1732899780,13.66,13.66,13.66,13.66,0
1732899785,13.66,13.66,13.66,13.66,0
1732899790,13.66,13.66,13.66,13.66,0
1732899795,13.66,13.66,13.66,13.66,0
1732899800,13.66,13.66,13.66,13.66,0
1732899805,13.66,13.66,13.66,13.66,0
1732899810,13.66,13.66,13.66,13.66,0
1732899815,13.66,13.66,13.66,13.66,0
1732899820,13.66,13.66,13.66,13.66,0
1732899825,13.65,13.65,13.65,13.65,0
1732899830,13.65,13.65,13.65,13.65,0
1732899835,13.65,13.65,13.65,13.65,0
1732899840,13.65,13.65,13.65,13.65,0
1732899845,13.65,13.65,13.65,13.65,0
1732899850,13.65,13.65,13.65,13.65,0
1732899855,13.65,13.65,13.65,13.65,0
1732899860,13.65,13.65,13.65,13.65,0
1732899865,13.65,13.65,13.65,13.65,0
1732899870,13.65,13.65,13.65,13.65,0
1732899875,13.65,13.65,13.65,13.65,0
1732899880,13.65,13.65,13.65,13.65,0
1732899885,13.65,13.65,13.65,13.65,0
1732899890,13.65,13.65,13.65,13.65,0
1732899895,13.65,13.65,13.65,13.65,0
1732899900,13.65,13.65,13.65,13.65,0
1732899905,13.65,13.65,13.65,13.65,0
1732899910,13.65,13.65,13.65,13.65,0
1732899915,13.65,13.65,13.65,13.65,0
1732899920,13.65,13.65,13.65,13.65,0
1732899925,13.65,13.65,13.65,13.65,0
1732899930,13.65,13.65,13.65,13.65,0
1732899935,13.65,13.65,13.65,13.65,0
1732899940,13.65,13.65,13.65,13.65,0
1732899945,13.65,13.65,13.65,13.65,0
1732899950,13.65,13.65,13.65,13.65,0
1732899955,13.65,13.65,13.65,13.65,0
1732899960,13.65,13.65,13.65,13.65,0
1732899965,13.65,13.65,13.65,13.65,0
1732899970,13.65,13.65,13.65,13.65,0
1732899975,13.65,13.65,13.65,13.65,0
1732899980,13.65,13.65,13.65,13.65,0
1732899985,13.65,13.65,13.65,13.65,0
1732899990,13.65,13.65,13.65,13.65,0
1732899995,13.65,13.65,13.65,13.65,0
1732900000,13.65,13.65,13.65,13.65,0
1732900005,13.65,13.65,13.65,13.65,0
1732900010,13.65,13.65,13.65,13.65,0
1732900015,13.65,13.65,13.65,13.65,0
1732900020,13.64,13.64,13.64,13.64,0
1732900025,13.64,13.64,13.64,13.64,0
1732900030,13.64,13.64,13.64,13.64,0
1732900035,13.64,13.64,13.64,13.64,0
1732900040,13.64,13.64,13.64,13.64,0
1732900045,13.64,13.64,13.64,13.64,0
1732900050,13.64,13.64,13.64,13.64,0
1732900055,13.64,13.64,13.64,13.64,0
1732900060,13.64,13.64,13.64,13.64,0
1732900065,13.64,13.64,13.64,13.64,0
1732900070,13.64,13.64,13.64,13.64,0
1732900075,13.64,13.64,13.64,13.64,0
1732900080,13.63,13.63,13.63,13.63,0
1732900085,13.63,13.63,13.63,13.63,0
1732900090,13.63,13.63,13.63,13.63,0
1732900095,13.64,13.64,13.64,13.64,0
1732900100,13.64,13.64,13.64,13.64,0
1732900105,13.64,13.64,13.64,13.64,0
1732900110,13.65,13.65,13.65,13.65,0
1732900115,13.65,13.65,13.65,13.65,0
1732900120,13.65,13.65,13.65,13.65,0
1732900125,13.65,13.65,13.65,13.65,0
1732900130,13.65,13.65,13.65,13.65,0
1732900135,13.65,13.65,13.65,13.65,0
1732900140,13.66,13.66,13.66,13.66,0
1732900145,13.66,13.66,13.66,13.66,0
1732900150,13.66,13.66,13.66,13.66,0
1732900155,13.65,13.65,13.65,13.65,0
1732900160,13.65,13.65,13.65,13.65,0
1732900165,13.65,13.65,13.65,13.65,0
1732900170,13.66,13.66,13.66,13.66,0
1732900175,13.66,13.66,13.66,13.66,0
1732900180,13.66,13.66,13.66,13.66,0
1732900185,13.66,13.66,13.66,13.66,0
1732900190,13.66,13.66,13.66,13.66,0
1732900195,13.66,13.66,13.66,13.66,0
1732900200,13.67,13.67,13.67,13.67,0
1732900205,13.67,13.67,13.67,13.67,0
1732900210,13.67,13.67,13.67,13.67,0
1732900215,13.67,13.67,13.67,13.67,0
1732900220,13.67,13.67,13.67,13.67,0
1732900225,13.67,13.67,13.67,13.67,0
1732900230,13.68,13.68,13.68,13.68,0
1732900235,13.68,13.68,13.68,13.68,0
1732900240,13.68,13.68,13.68,13.68,0
1732900245,13.69,13.69,13.69,13.69,0
1732900250,13.69,13.69,13.69,13.69,0
1732900255,13.69,13.69,13.69,13.69,0
1732900260,13.69,13.69,13.69,13.69,0
1732900265,13.69,13.69,13.69,13.69,0
1732900270,13.69,13.69,13.69,13.69,0
1732900275,13.71,13.71,13.71,13.71,0
1732900280,13.71,13.71,13.71,13.71,0
1732900285,13.71,13.71,13.71,13.71,0
1732900290,13.7,13.7,13.7,13.7,0
1732900295,13.7,13.7,13.7,13.7,0
1732900300,13.7,13.7,13.7,13.7,0
1732900305,13.71,13.71,13.71,13.71,0
1732900310,13.71,13.71,13.71,13.71,0
1732900315,13.71,13.71,13.71,13.71,0
1732900320,13.71,13.71,13.71,13.71,0
1732900325,13.71,13.71,13.71,13.71,0
1732900330,13.71,13.71,13.71,13.71,0
1732900335,13.71,13.71,13.71,13.71,0
1732900340,13.71,13.71,13.71,13.71,0
1732900345,13.71,13.71,13.71,13.71,0
1732900350,13.71,13.71,13.71,13.71,0
1732900355,13.71,13.71,13.71,13.71,0
1732900360,13.71,13.71,13.71,13.71,0
1732900365,13.72,13.72,13.72,13.72,0
1732900370,13.72,13.72,13.72,13.72,0
1732900375,13.72,13.72,13.72,13.72,0
1732900380,13.71,13.71,13.71,13.71,0
1732900385,13.71,13.71,13.71,13.71,0
1732900390,13.71,13.71,13.71,13.71,0
1732900395,13.71,13.71,13.71,13.71,0
1732900400,13.71,13.71,13.71,13.71,0
1732900405,13.71,13.71,13.71,13.71,0
1732900410,13.72,13.72,13.72,13.72,0
1732900415,13.72,13.72,13.72,13.72,0
1732900420,13.72,13.72,13.72,13.72,0
1732900425,13.72,13.72,13.72,13.72,0
1732900430,13.72,13.72,13.72,13.72,0
1732900435,13.72,13.72,13.72,13.72,0
1732900440,13.73,13.73,13.73,13.73,0
1732900445,13.73,13.73,13.73,13.73,0
1732900450,13.73,13.73,13.73,13.73,0
1732900455,13.74,13.74,13.74,13.74,0
1732900460,13.74,13.74,13.74,13.74,0
1732900465,13.74,13.74,13.74,13.74,0
1732900470,13.74,13.74,13.74,13.74,0
1732900475,13.74,13.74,13.74,13.74,0
1732900480,13.74,13.74,13.74,13.74,0
1732900485,13.74,13.74,13.74,13.74,0
1732900490,13.74,13.74,13.74,13.74,0
1732900495,13.74,13.74,13.74,13.74,0
1732900500,13.73,13.73,13.73,13.73,0
1732900505,13.73,13.73,13.73,13.73,0
1732900510,13.73,13.73,13.73,13.73,0
1732900515,13.74,13.74,13.74,13.74,0
1732900520,13.74,13.74,13.74,13.74,0
1732900525,13.74,13.74,13.74,13.74,0
1732900530,13.74,13.74,13.74,13.74,0
1732900535,13.74,13.74,13.74,13.74,0
1732900540,13.74,13.74,13.74,13.74,0
1732900545,13.74,13.74,13.74,13.74,0
1732900550,13.74,13.74,13.74,13.74,0
1732900555,13.74,13.74,13.74,13.74,0
1732900560,13.73,13.73,13.73,13.73,0
1732900565,13.73,13.73,13.73,13.73,0
1732900570,13.73,13.73,13.73,13.73,0
1732900575,13.73,13.73,13.73,13.73,0
1732900580,13.73,13.73,13.73,13.73,0
1732900585,13.73,13.73,13.73,13.73,0
1732900590,13.73,13.73,13.73,13.73,0
1732900595,13.73,13.73,13.73,13.73,0
1732900600,13.73,13.73,13.73,13.73,0
1732900605,13.74,13.74,13.74,13.74,0
1732900610,13.74,13.74,13.74,13.74,0
1732900615,13.74,13.74,13.74,13.74,0
1732900620,13.74,13.74,13.74,13.74,0
1732900625,13.74,13.74,13.74,13.74,0
1732900630,13.74,13.74,13.74,13.74,0
1732900635,13.74,13.74,13.74,13.74,0
1732900640,13.74,13.74,13.74,13.74,0
1732900645,13.74,13.74,13.74,13.74,0
1732900650,13.73,13.73,13.73,13.73,0
1732900655,13.73,13.73,13.73,13.73,0
1732900660,13.73,13.73,13.73,13.73,0
1732900665,13.73,13.73,13.73,13.73,0
1732900670,13.73,13.73,13.73,13.73,0
1732900675,13.73,13.73,13.73,13.73,0
1732900680,13.73,13.73,13.73,13.73,0
1732900685,13.73,13.73,13.73,13.73,0
1732900690,13.73,13.73,13.73,13.73,0
1732900695,13.73,13.73,13.73,13.73,0
1732900700,13.73,13.73,13.73,13.73,0
1732900705,13.73,13.73,13.73,13.73,0
1732900710,13.74,13.74,13.74,13.74,0
1732900715,13.74,13.74,13.74,13.74,0
1732900720,13.74,13.74,13.74,13.74,0
1732900725,13.73,13.73,13.73,13.73,0
1732900730,13.73,13.73,13.73,13.73,0
1732900735,13.73,13.73,13.73,13.73,0
1732900740,13.73,13.73,13.73,13.73,0
1732900745,13.73,13.73,13.73,13.73,0
1732900750,13.73,13.73,13.73,13.73,0
1732900755,13.73,13.73,13.73,13.73,0
1732900760,13.73,13.73,13.73,13.73,0
1732900765,13.73,13.73,13.73,13.73,0
1732900770,13.72,13.72,13.72,13.72,0
1732900775,13.72,13.72,13.72,13.72,0
1732900780,13.72,13.72,13.72,13.72,0
1732900785,13.72,13.72,13.72,13.72,0
1732900790,13.72,13.72,13.72,13.72,0
1732900795,13.72,13.72,13.72,13.72,0
1732900800,13.72,13.72,13.72,13.72,0
1732900805,13.72,13.72,13.72,13.72,0
1732900810,13.72,13.72,13.72,13.72,0
1732900815,13.73,13.73,13.73,13.73,0
1732900820,13.73,13.73,13.73,13.73,0
1732900825,13.73,13.73,13.73,13.73,0
1732900830,13.73,13.73,13.73,13.73,0
1732900835,13.73,13.73,13.73,13.73,0
1732900840,13.73,13.73,13.73,13.73,0
1732900845,13.73,13.73,13.73,13.73,0
1732900850,13.73,13.73,13.73,13.73,0
1732900855,13.73,13.73,13.73,13.73,0
1732900860,13.73,13.73,13.73,13.73,0
1732900865,13.73,13.73,13.73,13.73,0
1732900870,13.73,13.73,13.73,13.73,0
1732900875,13.74,13.74,13.74,13.74,0
1732900880,13.74,13.74,13.74,13.74,0
1732900885,13.74,13.74,13.74,13.74,0
1732900890,13.74,13.74,13.74,13.74,0
1732900895,13.74,13.74,13.74,13.74,0
1732900900,13.74,13.74,13.74,13.74,0
1732900905,13.74,13.74,13.74,13.74,0
1732900910,13.74,13.74,13.74,13.74,0
1732900915,13.74,13.74,13.74,13.74,0
1732900920,13.73,13.73,13.73,13.73,0
1732900925,13.73,13.73,13.73,13.73,0
1732900930,13.73,13.73,13.73,13.73,0
1732900935,13.73,13.73,13.73,13.73,0
1732900940,13.73,13.73,13.73,13.73,0
1732900945,13.73,13.73,13.73,13.73,0
1732900950,13.74,13.74,13.74,13.74,0
1732900955,13.74,13.74,13.74,13.74,0
1732900960,13.74,13.74,13.74,13.74,0
1732900965,13.74,13.74,13.74,13.74,0
1732900970,13.74,13.74,13.74,13.74,0
1732900975,13.74,13.74,13.74,13.74,0
1732900980,13.74,13.74,13.74,13.74,0
1732900985,13.74,13.74,13.74,13.74,0
1732900990,13.74,13.74,13.74,13.74,0
1732900995,13.75,13.75,13.75,13.75,0
1732901000,13.75,13.75,13.75,13.75,0
1732901005,13.75,13.75,13.75,13.75,0
1732901010,13.75,13.75,13.75,13.75,0
1732901015,13.75,13.75,13.75,13.75,0
1732901020,13.75,13.75,13.75,13.75,0
1732901025,13.76,13.76,13.76,13.76,0
1732901030,13.76,13.76,13.76,13.76,0
1732901035,13.76,13.76,13.76,13.76,0
1732901040,13.77,13.77,13.77,13.77,0
1732901045,13.77,13.77,13.77,13.77,0
1732901050,13.77,13.77,13.77,13.77,0
1732901055,13.77,13.77,13.77,13.77,0
1732901060,13.77,13.77,13.77,13.77,0
1732901065,13.77,13.77,13.77,13.77,0
1732901070,13.77,13.77,13.77,13.77,0
1732901075,13.77,13.77,13.77,13.77,0
1732901080,13.77,13.77,13.77,13.77,0
1732901085,13.77,13.77,13.77,13.77,0
1732901090,13.77,13.77,13.77,13.77,0
1732901095,13.77,13.77,13.77,13.77,0
1732901100,13.78,13.78,13.78,13.78,0
1732901105,13.78,13.78,13.78,13.78,0
1732901110,13.78,13.78,13.78,13.78,0
1732901115,13.78,13.78,13.78,13.78,0
1732901120,13.78,13.78,13.78,13.78,0
1732901125,13.78,13.78,13.78,13.78,0
1732901130,13.78,13.78,13.78,13.78,0
1732901135,13.78,13.78,13.78,13.78,0
1732901140,13.78,13.78,13.78,13.78,0
1732901145,13.78,13.78,13.78,13.78,0
1732901150,13.78,13.78,13.78,13.78,0
1732901155,13.78,13.78,13.78,13.78,0
1732901160,13.76,13.76,13.76,13.76,0
1732901165,13.76,13.76,13.76,13.76,0
1732901170,13.76,13.76,13.76,13.76,0
1732901175,13.77,13.77,13.77,13.77,0
1732901180,13.77,13.77,13.77,13.77,0
1732901185,13.77,13.77,13.77,13.77,0
1732901190,13.77,13.77,13.77,13.77,0
1732901195,13.77,13.77,13.77,13.77,0
1732901200,13.77,13.77,13.77,13.77,0
1732901205,13.78,13.78,13.78,13.78,0
1732901210,13.78,13.78,13.78,13.78,0
1732901215,13.78,13.78,13.78,13.78,0
1732901220,13.78,13.78,13.78,13.78,0
1732901225,13.78,13.78,13.78,13.78,0
1732901230,13.78,13.78,13.78,13.78,0
1732901235,13.78,13.78,13.78,13.78,0
1732901240,13.78,13.78,13.78,13.78,0
1732901245,13.78,13.78,13.78,13.78,0
1732901250,13.78,13.78,13.78,13.78,0
1732901255,13.78,13.78,13.78,13.78,0
1732901260,13.78,13.78,13.78,13.78,0
1732901265,13.78,13.78,13.78,13.78,0
1732901270,13.78,13.78,13.78,13.78,0
1732901275,13.78,13.78,13.78,13.78,0
1732901280,13.79,13.79,13.79,13.79,0
1732901285,13.79,13.79,13.79,13.79,0
1732901290,13.79,13.79,13.79,13.79,0
1732901295,13.79,13.79,13.79,13.79,0
1732901300,13.79,13.79,13.79,13.79,0
1732901305,13.79,13.79,13.79,13.79,0
1732901310,13.78,13.78,13.78,13.78,0
1732901315,13.78,13.78,13.78,13.78,0
1732901320,13.78,13.78,13.78,13.78,0
1732901325,13.78,13.78,13.78,13.78,0
1732901330,13.78,13.78,13.78,13.78,0
1732901335,13.78,13.78,13.78,13.78,0
1732901340,13.79,13.79,13.79,13.79,0
1732901345,13.79,13.79,13.79,13.79,0
1732901350,13.79,13.79,13.79,13.79,0
1732901355,13.78,13.78,13.78,13.78,0
1732901360,13.78,13.78,13.78,13.78,0
1732901365,13.78,13.78,13.78,13.78,0
1732901370,13.77,13.77,13.77,13.77,0
1732901375,13.77,13.77,13.77,13.77,0
1732901380,13.77,13.77,13.77,13.77,0
1732901385,13.78,13.78,13.78,13.78,0
1732901390,13.78,13.78,13.78,13.78,0
1732901395,13.78,13.78,13.78,13.78,0
1732901400,13.76,13.76,13.76,13.76,0
1732901405,13.76,13.76,13.76,13.76,0
1732901410,13.76,13.76,13.76,13.76,0
1732901415,13.78,13.78,13.78,13.78,0
1732901420,13.78,13.78,13.78,13.78,0
1732901425,13.78,13.78,13.78,13.78,0
1732901430,13.76,13.76,13.76,13.76,0
1732901435,13.76,13.76,13.76,13.76,0
1732901440,13.76,13.76,13.76,13.76,0
1732901445,13.77,13.77,13.77,13.77,0
1732901450,13.77,13.77,13.77,13.77,0
1732901455,13.77,13.77,13.77,13.77,0
1732901460,13.78,13.78,13.78,13.78,0
1732901465,13.78,13.78,13.78,13.78,0
1732901470,13.78,13.78,13.78,13.78,0
1732901475,13.79,13.79,13.79,13.79,0
1732901480,13.79,13.79,13.79,13.79,0
1732901485,13.79,13.79,13.79,13.79,0
1732901490,13.79,13.79,13.79,13.79,0
1732901495,13.79,13.79,13.79,13.79,0
1732901500,13.79,13.79,13.79,13.79,0
1732901505,13.78,13.78,13.78,13.78,0
1732901510,13.78,13.78,13.78,13.78,0
1732901515,13.78,13.78,13.78,13.78,0
1732901520,13.78,13.78,13.78,13.78,0
1732901525,13.78,13.78,13.78,13.78,0
1732901530,13.78,13.78,13.78,13.78,0
1732901535,13.78,13.78,13.78,13.78,0
1732901540,13.78,13.78,13.78,13.78,0
1732901545,13.78,13.78,13.78,13.78,0
1732901550,13.79,13.79,13.79,13.79,0
1732901555,13.79,13.79,13.79,13.79,0
1732901560,13.79,13.79,13.79,13.79,0
1732901565,13.78,13.78,13.78,13.78,0
1732901570,13.78,13.78,13.78,13.78,0
1732901575,13.78,13.78,13.78,13.78,0
1732901580,13.78,13.78,13.78,13.78,0
1732901585,13.78,13.78,13.78,13.78,0
1732901590,13.78,13.78,13.78,13.78,0
1732901595,13.77,13.77,13.77,13.77,0
1732901600,13.77,13.77,13.77,13.77,0
1732901605,13.77,13.77,13.77,13.77,0
1732901610,13.78,13.78,13.78,13.78,0
1732901615,13.78,13.78,13.78,13.78,0
1732901620,13.78,13.78,13.78,13.78,0
1732901625,13.78,13.78,13.78,13.78,0
1732901630,13.78,13.78,13.78,13.78,0
1732901635,13.78,13.78,13.78,13.78,0
1732901640,13.78,13.78,13.78,13.78,0
1732901645,13.78,13.78,13.78,13.78,0
1732901650,13.78,13.78,13.78,13.78,0
1732901655,13.79,13.79,13.79,13.79,0
1732901660,13.79,13.79,13.79,13.79,0
1732901665,13.79,13.79,13.79,13.79,0
1732901670,13.78,13.78,13.78,13.78,0
1732901675,13.78,13.78,13.78,13.78,0
1732901680,13.78,13.78,13.78,13.78,0
1732901685,13.78,13.78,13.78,13.78,0
1732901690,13.78,13.78,13.78,13.78,0
1732901695,13.78,13.78,13.78,13.78,0
1732901700,13.78,13.78,13.78,13.78,0
1732901705,13.78,13.78,13.78,13.78,0
1732901710,13.78,13.78,13.78,13.78,0
1732901715,13.77,13.77,13.77,13.77,0
1732901720,13.77,13.77,13.77,13.77,0
1732901725,13.77,13.77,13.77,13.77,0
1732901730,13.77,13.77,13.77,13.77,0
1732901735,13.77,13.77,13.77,13.77,0
1732901740,13.77,13.77,13.77,13.77,0
1732901745,13.76,13.76,13.76,13.76,0
1732901750,13.76,13.76,13.76,13.76,0
1732901755,13.76,13.76,13.76,13.76,0
1732901760,13.76,13.76,13.76,13.76,0
1732901765,13.76,13.76,13.76,13.76,0
1732901770,13.76,13.76,13.76,13.76,0
1732901775,13.77,13.77,13.77,13.77,0
1732901780,13.77,13.77,13.77,13.77,0
1732901785,13.77,13.77,13.77,13.77,0
1732901790,13.77,13.77,13.77,13.77,0
1732901795,13.77,13.77,13.77,13.77,0
1732901800,13.77,13.77,13.77,13.77,0
1732901805,13.77,13.77,13.77,13.77,0
1732901810,13.77,13.77,13.77,13.77,0
1732901815,13.77,13.77,13.77,13.77,0
1732901820,13.77,13.77,13.77,13.77,0
1732901825,13.77,13.77,13.77,13.77,0
1732901830,13.77,13.77,13.77,13.77,0
1732901835,13.77,13.77,13.77,13.77,0
1732901840,13.77,13.77,13.77,13.77,0
1732901845,13.77,13.77,13.77,13.77,0
1732901850,13.78,13.78,13.78,13.78,0
1732901855,13.78,13.78,13.78,13.78,0
1732901860,13.78,13.78,13.78,13.78,0
1732901865,13.75,13.75,13.75,13.75,0
1732901870,13.75,13.75,13.75,13.75,0
1732901875,13.75,13.75,13.75,13.75,0
1732901880,13.74,13.74,13.74,13.74,0
1732901885,13.74,13.74,13.74,13.74,0
1732901890,13.74,13.74,13.74,13.74,0
1732901895,13.69,13.69,13.69,13.69,0
1732901900,13.69,13.69,13.69,13.69,0
1732901905,13.69,13.69,13.69,13.69,0
1732901910,13.71,13.71,13.71,13.71,0
1732901915,13.71,13.71,13.71,13.71,0
1732901920,13.71,13.71,13.71,13.71,0
1732901925,13.7,13.7,13.7,13.7,0
1732901930,13.7,13.7,13.7,13.7,0
1732901935,13.7,13.7,13.7,13.7,0
1732901940,13.68,13.68,13.68,13.68,0
1732901945,13.68,13.68,13.68,13.68,0
1732901950,13.68,13.68,13.68,13.68,0
1732901955,13.69,13.69,13.69,13.69,0
1732901960,13.69,13.69,13.69,13.69,0
1732901965,13.69,13.69,13.69,13.69,0
1732901970,13.7,13.7,13.7,13.7,0
1732901975,13.7,13.7,13.7,13.7,0
1732901980,13.7,13.7,13.7,13.7,0
1732901985,13.7,13.7,13.7,13.7,0
1732901990,13.7,13.7,13.7,13.7,0
1732901995,13.7,13.7,13.7,13.7,0
1732902000,13.7,13.7,13.7,13.7,0
1732902005,13.7,13.7,13.7,13.7,0
1732902010,13.7,13.7,13.7,13.7,0
1732902015,13.69,13.69,13.69,13.69,0
1732902020,13.69,13.69,13.69,13.69,0
1732902025,13.69,13.69,13.69,13.69,0
1732902030,13.69,13.69,13.69,13.69,0
1732902035,13.69,13.69,13.69,13.69,0
1732902040,13.69,13.69,13.69,13.69,0
1732902045,13.7,13.7,13.7,13.7,0
1732902050,13.7,13.7,13.7,13.7,0
1732902055,13.7,13.7,13.7,13.7,0
1732902060,13.7,13.7,13.7,13.7,0
1732902065,13.7,13.7,13.7,13.7,0
1732902070,13.7,13.7,13.7,13.7,0
1732902075,13.7,13.7,13.7,13.7,0
1732902080,13.7,13.7,13.7,13.7,0
1732902085,13.7,13.7,13.7,13.7,0
1732902090,13.7,13.7,13.7,13.7,0
1732902095,13.7,13.7,13.7,13.7,0
1732902100,13.7,13.7,13.7,13.7,0
1732902105,13.7,13.7,13.7,13.7,0
1732902110,13.7,13.7,13.7,13.7,0
1732902115,13.7,13.7,13.7,13.7,0
1732902120,13.69,13.69,13.69,13.69,0
1732902125,13.69,13.69,13.69,13.69,0
1732902130,13.69,13.69,13.69,13.69,0
1732902135,13.7,13.7,13.7,13.7,0
1732902140,13.7,13.7,13.7,13.7,0
1732902145,13.7,13.7,13.7,13.7,0
1732902150,13.69,13.69,13.69,13.69,0
1732902155,13.69,13.69,13.69,13.69,0
1732902160,13.69,13.69,13.69,13.69,0
1732902165,13.69,13.69,13.69,13.69,0
1732902170,13.69,13.69,13.69,13.69,0
1732902175,13.69,13.69,13.69,13.69,0
1732902180,13.7,13.7,13.7,13.7,0
1732902185,13.7,13.7,13.7,13.7,0
1732902190,13.7,13.7,13.7,13.7,0
1732902195,13.7,13.7,13.7,13.7,0
1732902200,13.7,13.7,13.7,13.7,0
1732902205,13.7,13.7,13.7,13.7,0
1732902210,13.7,13.7,13.7,13.7,0
1732902215,13.7,13.7,13.7,13.7,0
1732902220,13.7,13.7,13.7,13.7,0
1732902225,13.7,13.7,13.7,13.7,0
1732902230,13.7,13.7,13.7,13.7,0
1732902235,13.7,13.7,13.7,13.7,0
1732902240,13.7,13.7,13.7,13.7,0
1732902245,13.7,13.7,13.7,13.7,0
1732902250,13.7,13.7,13.7,13.7,0
1732902255,13.69,13.69,13.69,13.69,0
1732902260,13.69,13.69,13.69,13.69,0
1732902265,13.69,13.69,13.69,13.69,0
1732902270,13.7,13.7,13.7,13.7,0
1732902275,13.7,13.7,13.7,13.7,0
1732902280,13.7,13.7,13.7,13.7,0
1732902285,13.7,13.7,13.7,13.7,0
1732902290,13.7,13.7,13.7,13.7,0
1732902295,13.7,13.7,13.7,13.7,0
1732902300,13.69,13.69,13.69,13.69,0
1732902305,13.69,13.69,13.69,13.69,0
1732902310,13.69,13.69,13.69,13.69,0
1732902315,13.69,13.69,13.69,13.69,0
1732902320,13.69,13.69,13.69,13.69,0
1732902325,13.69,13.69,13.69,13.69,0
1732902330,13.68,13.68,13.68,13.68,0
1732902335,13.68,13.68,13.68,13.68,0
1732902340,13.68,13.68,13.68,13.68,0
1732902345,13.68,13.68,13.68,13.68,0
1732902350,13.68,13.68,13.68,13.68,0
1732902355,13.68,13.68,13.68,13.68,0
1732902360,13.68,13.68,13.68,13.68,0
1732902365,13.68,13.68,13.68,13.68,0
1732902370,13.68,13.68,13.68,13.68,0
1732902375,13.68,13.68,13.68,13.68,0
1732902380,13.68,13.68,13.68,13.68,0
1732902385,13.68,13.68,13.68,13.68,0
1732902390,13.69,13.69,13.69,13.69,0
1732902395,13.69,13.69,13.69,13.69,0
1732902400,13.69,13.69,13.69,13.69,0
1732902405,13.69,13.69,13.69,13.69,0
1732902410,13.69,13.69,13.69,13.69,0
1732902415,13.69,13.69,13.69,13.69,0
1732902420,13.69,13.69,13.69,13.69,0
1732902425,13.69,13.69,13.69,13.69,0
1732902430,13.69,13.69,13.69,13.69,0
1732902435,13.67,13.67,13.67,13.67,0
1732902440,13.67,13.67,13.67,13.67,0
1732902445,13.67,13.67,13.67,13.67,0
1732902450,13.68,13.68,13.68,13.68,0
1732902455,13.68,13.68,13.68,13.68,0
1732902460,13.68,13.68,13.68,13.68,0
1732902465,13.68,13.68,13.68,13.68,0
1732902470,13.68,13.68,13.68,13.68,0
1732902475,13.68,13.68,13.68,13.68,0
1732902480,13.67,13.67,13.67,13.67,0
1732902485,13.67,13.67,13.67,13.67,0
1732902490,13.67,13.67,13.67,13.67,0
1732902495,13.67,13.67,13.67,13.67,0
1732902500,13.67,13.67,13.67,13.67,0
1732902505,13.67,13.67,13.67,13.67,0
1732902510,13.68,13.68,13.68,13.68,0
1732902515,13.68,13.68,13.68,13.68,0
1732902520,13.68,13.68,13.68,13.68,0
1732902525,13.68,13.68,13.68,13.68,0
1732902530,13.68,13.68,13.68,13.68,0
1732902535,13.68,13.68,13.68,13.68,0
1732902540,13.68,13.68,13.68,13.68,0
1732902545,13.68,13.68,13.68,13.68,0
1732902550,13.68,13.68,13.68,13.68,0
1732902555,13.67,13.67,13.67,13.67,0
1732902560,13.67,13.67,13.67,13.67,0
1732902565,13.67,13.67,13.67,13.67,0
1732902570,13.67,13.67,13.67,13.67,0
1732902575,13.67,13.67,13.67,13.67,0
1732902580,13.67,13.67,13.67,13.67,0
1732902585,13.67,13.67,13.67,13.67,0
1732902590,13.67,13.67,13.67,13.67,0
1732902595,13.67,13.67,13.67,13.67,0
1732902600,13.67,13.67,13.67,13.67,0
1732902605,13.67,13.67,13.67,13.67,0
1732902610,13.67,13.67,13.67,13.67,0
1732902615,13.65,13.65,13.65,13.65,0
1732902620,13.65,13.65,13.65,13.65,0
1732902625,13.65,13.65,13.65,13.65,0
1732902630,13.65,13.65,13.65,13.65,0
1732902635,13.65,13.65,13.65,13.65,0
1732902640,13.65,13.65,13.65,13.65,0
1732902645,13.66,13.66,13.66,13.66,0
1732902650,13.66,13.66,13.66,13.66,0
1732902655,13.66,13.66,13.66,13.66,0
1732902660,13.67,13.67,13.67,13.67,0
1732902665,13.67,13.67,13.67,13.67,0
1732902670,13.67,13.67,13.67,13.67,0
1732902675,13.66,13.66,13.66,13.66,0
1732902680,13.66,13.66,13.66,13.66,0
1732902685,13.66,13.66,13.66,13.66,0
1732902690,13.68,13.68,13.68,13.68,0
1732902695,13.68,13.68,13.68,13.68,0
1732902700,13.68,13.68,13.68,13.68,0
1732902705,13.67,13.67,13.67,13.67,0
1732902710,13.67,13.67,13.67,13.67,0
1732902715,13.67,13.67,13.67,13.67,0
1732902720,13.67,13.67,13.67,13.67,0
1732902725,13.67,13.67,13.67,13.67,0
1732902730,13.67,13.67,13.67,13.67,0
1732902735,13.68,13.68,13.68,13.68,0
1732902740,13.68,13.68,13.68,13.68,0
1732902745,13.68,13.68,13.68,13.68,0
1732902750,13.7,13.7,13.7,13.7,0
1732902755,13.7,13.7,13.7,13.7,0
1732902760,13.7,13.7,13.7,13.7,0
1732902765,13.7,13.7,13.7,13.7,0
1732902770,13.7,13.7,13.7,13.7,0
1732902775,13.7,13.7,13.7,13.7,0
1732902780,13.7,13.7,13.7,13.7,0
1732902785,13.7,13.7,13.7,13.7,0
1732902790,13.7,13.7,13.7,13.7,0
1732902795,13.7,13.7,13.7,13.7,0
1732902800,13.7,13.7,13.7,13.7,0
1732902805,13.7,13.7,13.7,13.7,0
1732902810,13.7,13.7,13.7,13.7,0
1732902815,13.7,13.7,13.7,13.7,0
1732902820,13.7,13.7,13.7,13.7,0
1732902825,13.69,13.69,13.69,13.69,0
1732902830,13.69,13.69,13.69,13.69,0
1732902835,13.69,13.69,13.69,13.69,0
1732902840,13.7,13.7,13.7,13.7,0
1732902845,13.7,13.7,13.7,13.7,0
1732902850,13.7,13.7,13.7,13.7,0
1732902855,13.7,13.7,13.7,13.7,0
1732902860,13.7,13.7,13.7,13.7,0
1732902865,13.7,13.7,13.7,13.7,0
1732902870,13.7,13.7,13.7,13.7,0
1732902875,13.7,13.7,13.7,13.7,0
1732902880,13.7,13.7,13.7,13.7,0
1732902885,13.71,13.71,13.71,13.71,0
1732902890,13.71,13.71,13.71,13.71,0
1732902895,13.71,13.71,13.71,13.71,0
1732902900,13.67,13.67,13.67,13.67,0
1732902905,13.67,13.67,13.67,13.67,0
1732902910,13.67,13.67,13.67,13.67,0
1732902915,13.71,13.71,13.71,13.71,0
1732902920,13.71,13.71,13.71,13.71,0
1732902925,13.71,13.71,13.71,13.71,0
1732902930,13.7,13.7,13.7,13.7,0
1732902935,13.7,13.7,13.7,13.7,0
1732902940,13.7,13.7,13.7,13.7,0
1732902945,13.7,13.7,13.7,13.7,0
1732902950,13.7,13.7,13.7,13.7,0
1732902955,13.7,13.7,13.7,13.7,0
1732902960,13.69,13.69,13.69,13.69,0
1732902965,13.69,13.69,13.69,13.69,0
1732902970,13.69,13.69,13.69,13.69,0
1732902975,13.7,13.7,13.7,13.7,0
1732902980,13.7,13.7,13.7,13.7,0
1732902985,13.7,13.7,13.7,13.7,0
1732902990,13.7,13.7,13.7,13.7,0
1732902995,13.7,13.7,13.7,13.7,0
1732903000,13.7,13.7,13.7,13.7,0
1732903005,13.67,13.67,13.67,13.67,0
1732903010,13.67,13.67,13.67,13.67,0
1732903015,13.67,13.67,13.67,13.67,0
1732903020,13.67,13.67,13.67,13.67,0
1732903025,13.67,13.67,13.67,13.67,0
1732903030,13.67,13.67,13.67,13.67,0
1732903035,13.68,13.68,13.68,13.68,0
1732903040,13.68,13.68,13.68,13.68,0
1732903045,13.68,13.68,13.68,13.68,0
1732903050,13.63,13.63,13.63,13.63,0
1732903055,13.63,13.63,13.63,13.63,0
1732903060,13.63,13.63,13.63,13.63,0
1732903065,13.65,13.65,13.65,13.65,0
1732903070,13.65,13.65,13.65,13.65,0
1732903075,13.65,13.65,13.65,13.65,0
1732903080,13.63,13.63,13.63,13.63,0
1732903085,13.63,13.63,13.63,13.63,0
1732903090,13.63,13.63,13.63,13.63,0
1732903095,13.62,13.62,13.62,13.62,0
1732903100,13.62,13.62,13.62,13.62,0
1732903105,13.62,13.62,13.62,13.62,0
1732903110,13.62,13.62,13.62,13.62,0
1732903115,13.62,13.62,13.62,13.62,0
1732903120,13.62,13.62,13.62,13.62,0
1732903125,13.6,13.6,13.6,13.6,0
1732903130,13.6,13.6,13.6,13.6,0
1732903135,13.6,13.6,13.6,13.6,0
1732903140,13.62,13.62,13.62,13.62,0
1732903145,13.62,13.62,13.62,13.62,0
1732903150,13.62,13.62,13.62,13.62,0
1732903155,13.59,13.59,13.59,13.59,0
1732903160,13.59,13.59,13.59,13.59,0
1732903165,13.59,13.59,13.59,13.59,0
1732903170,13.58,13.58,13.58,13.58,0
1732903175,13.58,13.58,13.58,13.58,0
1732903180,13.58,13.58,13.58,13.58,0
1732903185,13.57,13.57,13.57,13.57,0
1732903190,13.57,13.57,13.57,13.57,0
1732903195,13.57,13.57,13.57,13.57,0
