Date,Open,High,Low,Close,Volume
1751549400,16.21,16.21,16.21,16.21,0
1751549405,16.21,16.21,16.21,16.21,0
1751549410,16.21,16.21,16.21,16.21,0
1751549415,16.21,16.21,16.21,16.21,0
1751549420,16.21,16.21,16.21,16.21,0
1751549425,16.21,16.21,16.21,16.21,0
1751549430,16.21,16.21,16.21,16.21,0
1751549435,16.21,16.21,16.21,16.21,0
1751549440,16.21,16.21,16.21,16.21,0
1751549445,16.21,16.21,16.21,16.21,0
1751549450,16.21,16.21,16.21,16.21,0
1751549455,16.21,16.21,16.21,16.21,0
1751549460,16.17,16.17,16.17,16.17,0
1751549465,16.17,16.17,16.17,16.17,0
1751549470,16.17,16.17,16.17,16.17,0
1751549475,16.18,16.18,16.18,16.18,0
1751549480,16.18,16.18,16.18,16.18,0
1751549485,16.18,16.18,16.18,16.18,0
1751549490,16.18,16.18,16.18,16.18,0
1751549495,16.18,16.18,16.18,16.18,0
1751549500,16.18,16.18,16.18,16.18,0
1751549505,16.19,16.19,16.19,16.19,0
1751549510,16.19,16.19,16.19,16.19,0
1751549515,16.19,16.19,16.19,16.19,0
1751549520,16.16,16.16,16.16,16.16,0
1751549525,16.16,16.16,16.16,16.16,0
1751549530,16.16,16.16,16.16,16.16,0
1751549535,16.15,16.15,16.15,16.15,0
1751549540,16.15,16.15,16.15,16.15,0
1751549545,16.15,16.15,16.15,16.15,0
1751549550,16.15,16.15,16.15,16.15,0
1751549555,16.15,16.15,16.15,16.15,0
1751549560,16.15,16.15,16.15,16.15,0
1751549565,16.15,16.15,16.15,16.15,0
1751549570,16.15,16.15,16.15,16.15,0
1751549575,16.15,16.15,16.15,16.15,0
1751549580,16.15,16.15,16.15,16.15,0
1751549585,16.15,16.15,16.15,16.15,0
1751549590,16.15,16.15,16.15,16.15,0
1751549595,16.16,16.16,16.16,16.16,0
1751549600,16.16,16.16,16.16,16.16,0
1751549605,16.16,16.16,16.16,16.16,0
1751549610,16.16,16.16,16.16,16.16,0
1751549615,16.16,16.16,16.16,16.16,0
1751549620,16.16,16.16,16.16,16.16,0
1751549625,16.14,16.14,16.14,16.14,0
1751549630,16.14,16.14,16.14,16.14,0
1751549635,16.14,16.14,16.14,16.14,0
1751549640,16.15,16.15,16.15,16.15,0
1751549645,16.15,16.15,16.15,16.15,0
1751549650,16.15,16.15,16.15,16.15,0
1751549655,16.15,16.15,16.15,16.15,0
1751549660,16.15,16.15,16.15,16.15,0
1751549665,16.15,16.15,16.15,16.15,0
1751549670,16.15,16.15,16.15,16.15,0
1751549675,16.15,16.15,16.15,16.15,0
1751549680,16.15,16.15,16.15,16.15,0
1751549685,16.16,16.16,16.16,16.16,0
1751549690,16.16,16.16,16.16,16.16,0
1751549695,16.16,16.16,16.16,16.16,0
1751549700,16.16,16.16,16.16,16.16,0
1751549705,16.16,16.16,16.16,16.16,0
1751549710,16.16,16.16,16.16,16.16,0
1751549715,16.15,16.15,16.15,16.15,0
1751549720,16.15,16.15,16.15,16.15,0
1751549725,16.15,16.15,16.15,16.15,0
1751549730,16.16,16.16,16.16,16.16,0
1751549735,16.16,16.16,16.16,16.16,0
1751549740,16.16,16.16,16.16,16.16,0
1751549745,16.16,16.16,16.16,16.16,0
1751549750,16.16,16.16,16.16,16.16,0
1751549755,16.16,16.16,16.16,16.16,0
1751549760,16.16,16.16,16.16,16.16,0
1751549765,16.16,16.16,16.16,16.16,0
1751549770,16.16,16.16,16.16,16.16,0
1751549775,16.14,16.14,16.14,16.14,0
1751549780,16.14,16.14,16.14,16.14,0
1751549785,16.14,16.14,16.14,16.14,0
1751549790,16.15,16.15,16.15,16.15,0
1751549795,16.15,16.15,16.15,16.15,0
1751549800,16.15,16.15,16.15,16.15,0
1751549805,16.17,16.17,16.17,16.17,0
1751549810,16.17,16.17,16.17,16.17,0
1751549815,16.17,16.17,16.17,16.17,0
1751549820,16.17,16.17,16.17,16.17,0
1751549825,16.17,16.17,16.17,16.17,0
1751549830,16.17,16.17,16.17,16.17,0
1751549835,16.18,16.18,16.18,16.18,0
1751549840,16.18,16.18,16.18,16.18,0
1751549845,16.18,16.18,16.18,16.18,0
1751549850,16.17,16.17,16.17,16.17,0
1751549855,16.17,16.17,16.17,16.17,0
1751549860,16.17,16.17,16.17,16.17,0
1751549865,16.18,16.18,16.18,16.18,0
1751549870,16.18,16.18,16.18,16.18,0
1751549875,16.18,16.18,16.18,16.18,0
1751549880,16.18,16.18,16.18,16.18,0
1751549885,16.18,16.18,16.18,16.18,0
1751549890,16.18,16.18,16.18,16.18,0
1751549895,16.18,16.18,16.18,16.18,0
1751549900,16.18,16.18,16.18,16.18,0
1751549905,16.18,16.18,16.18,16.18,0
1751549910,16.19,16.19,16.19,16.19,0
1751549915,16.19,16.19,16.19,16.19,0
1751549920,16.19,16.19,16.19,16.19,0
1751549925,16.2,16.2,16.2,16.2,0
1751549930,16.2,16.2,16.2,16.2,0
1751549935,16.2,16.2,16.2,16.2,0
1751549940,16.19,16.19,16.19,16.19,0
1751549945,16.19,16.19,16.19,16.19,0
1751549950,16.19,16.19,16.19,16.19,0
1751549955,16.2,16.2,16.2,16.2,0
1751549960,16.2,16.2,16.2,16.2,0
1751549965,16.2,16.2,16.2,16.2,0
1751549970,16.2,16.2,16.2,16.2,0
1751549975,16.2,16.2,16.2,16.2,0
1751549980,16.2,16.2,16.2,16.2,0
1751549985,16.19,16.19,16.19,16.19,0
1751549990,16.19,16.19,16.19,16.19,0
1751549995,16.19,16.19,16.19,16.19,0
1751550000,16.21,16.21,16.21,16.21,0
1751550005,16.21,16.21,16.21,16.21,0
1751550010,16.21,16.21,16.21,16.21,0
1751550015,16.23,16.23,16.23,16.23,0
1751550020,16.23,16.23,16.23,16.23,0
1751550025,16.23,16.23,16.23,16.23,0
1751550030,16.24,16.24,16.24,16.24,0
1751550035,16.24,16.24,16.24,16.24,0
1751550040,16.24,16.24,16.24,16.24,0
1751550045,16.25,16.25,16.25,16.25,0
1751550050,16.25,16.25,16.25,16.25,0
1751550055,16.25,16.25,16.25,16.25,0
1751550060,16.25,16.25,16.25,16.25,0
1751550065,16.25,16.25,16.25,16.25,0
1751550070,16.25,16.25,16.25,16.25,0
1751550075,16.27,16.27,16.27,16.27,0
1751550080,16.27,16.27,16.27,16.27,0
1751550085,16.27,16.27,16.27,16.27,0
1751550090,16.26,16.26,16.26,16.26,0
1751550095,16.26,16.26,16.26,16.26,0
1751550100,16.26,16.26,16.26,16.26,0
1751550105,16.25,16.25,16.25,16.25,0
1751550110,16.25,16.25,16.25,16.25,0
1751550115,16.25,16.25,16.25,16.25,0
1751550120,16.26,16.26,16.26,16.26,0
1751550125,16.26,16.26,16.26,16.26,0
1751550130,16.26,16.26,16.26,16.26,0
1751550135,16.27,16.27,16.27,16.27,0
1751550140,16.27,16.27,16.27,16.27,0
1751550145,16.27,16.27,16.27,16.27,0
1751550150,16.28,16.28,16.28,16.28,0
1751550155,16.28,16.28,16.28,16.28,0
1751550160,16.28,16.28,16.28,16.28,0
1751550165,16.29,16.29,16.29,16.29,0
1751550170,16.29,16.29,16.29,16.29,0
1751550175,16.29,16.29,16.29,16.29,0
1751550180,16.29,16.29,16.29,16.29,0
1751550185,16.29,16.29,16.29,16.29,0
1751550190,16.29,16.29,16.29,16.29,0
1751550195,16.29,16.29,16.29,16.29,0
1751550200,16.29,16.29,16.29,16.29,0
1751550205,16.29,16.29,16.29,16.29,0
1751550210,16.29,16.29,16.29,16.29,0
1751550215,16.29,16.29,16.29,16.29,0
1751550220,16.29,16.29,16.29,16.29,0
1751550225,16.3,16.3,16.3,16.3,0
1751550230,16.3,16.3,16.3,16.3,0
1751550235,16.3,16.3,16.3,16.3,0
1751550240,16.29,16.29,16.29,16.29,0
1751550245,16.29,16.29,16.29,16.29,0
1751550250,16.29,16.29,16.29,16.29,0
1751550255,16.29,16.29,16.29,16.29,0
1751550260,16.29,16.29,16.29,16.29,0
1751550265,16.29,16.29,16.29,16.29,0
1751550270,16.3,16.3,16.3,16.3,0
1751550275,16.3,16.3,16.3,16.3,0
1751550280,16.3,16.3,16.3,16.3,0
1751550285,16.29,16.29,16.29,16.29,0
1751550290,16.29,16.29,16.29,16.29,0
1751550295,16.29,16.29,16.29,16.29,0
1751550300,16.33,16.33,16.33,16.33,0
1751550305,16.33,16.33,16.33,16.33,0
1751550310,16.33,16.33,16.33,16.33,0
1751550315,16.28,16.28,16.28,16.28,0
1751550320,16.28,16.28,16.28,16.28,0
1751550325,16.28,16.28,16.28,16.28,0
1751550330,16.28,16.28,16.28,16.28,0
1751550335,16.28,16.28,16.28,16.28,0
1751550340,16.28,16.28,16.28,16.28,0
1751550345,16.27,16.27,16.27,16.27,0
1751550350,16.27,16.27,16.27,16.27,0
1751550355,16.27,16.27,16.27,16.27,0
1751550360,16.28,16.28,16.28,16.28,0
1751550365,16.28,16.28,16.28,16.28,0
1751550370,16.28,16.28,16.28,16.28,0
1751550375,16.29,16.29,16.29,16.29,0
1751550380,16.29,16.29,16.29,16.29,0
1751550385,16.29,16.29,16.29,16.29,0
1751550390,16.34,16.34,16.34,16.34,0
1751550395,16.34,16.34,16.34,16.34,0
1751550400,16.34,16.34,16.34,16.34,0
1751550405,16.35,16.35,16.35,16.35,0
1751550410,16.35,16.35,16.35,16.35,0
1751550415,16.35,16.35,16.35,16.35,0
1751550420,16.34,16.34,16.34,16.34,0
1751550425,16.34,16.34,16.34,16.34,0
1751550430,16.34,16.34,16.34,16.34,0
1751550435,16.34,16.34,16.34,16.34,0
1751550440,16.34,16.34,16.34,16.34,0
1751550445,16.34,16.34,16.34,16.34,0
1751550450,16.33,16.33,16.33,16.33,0
1751550455,16.33,16.33,16.33,16.33,0
1751550460,16.33,16.33,16.33,16.33,0
1751550465,16.34,16.34,16.34,16.34,0
1751550470,16.34,16.34,16.34,16.34,0
1751550475,16.34,16.34,16.34,16.34,0
1751550480,16.33,16.33,16.33,16.33,0
1751550485,16.33,16.33,16.33,16.33,0
1751550490,16.33,16.33,16.33,16.33,0
1751550495,16.33,16.33,16.33,16.33,0
1751550500,16.33,16.33,16.33,16.33,0
1751550505,16.33,16.33,16.33,16.33,0
1751550510,16.34,16.34,16.34,16.34,0
1751550515,16.34,16.34,16.34,16.34,0
1751550520,16.34,16.34,16.34,16.34,0
1751550525,16.35,16.35,16.35,16.35,0
1751550530,16.35,16.35,16.35,16.35,0
1751550535,16.35,16.35,16.35,16.35,0
1751550540,16.35,16.35,16.35,16.35,0
1751550545,16.35,16.35,16.35,16.35,0
1751550550,16.35,16.35,16.35,16.35,0
1751550555,16.35,16.35,16.35,16.35,0
1751550560,16.35,16.35,16.35,16.35,0
1751550565,16.35,16.35,16.35,16.35,0
1751550570,16.35,16.35,16.35,16.35,0
1751550575,16.35,16.35,16.35,16.35,0
1751550580,16.35,16.35,16.35,16.35,0
1751550585,16.36,16.36,16.36,16.36,0
1751550590,16.36,16.36,16.36,16.36,0
1751550595,16.36,16.36,16.36,16.36,0
1751550600,16.36,16.36,16.36,16.36,0
1751550605,16.36,16.36,16.36,16.36,0
1751550610,16.36,16.36,16.36,16.36,0
1751550615,16.36,16.36,16.36,16.36,0
1751550620,16.36,16.36,16.36,16.36,0
1751550625,16.36,16.36,16.36,16.36,0
1751550630,16.37,16.37,16.37,16.37,0
1751550635,16.37,16.37,16.37,16.37,0
1751550640,16.37,16.37,16.37,16.37,0
1751550645,16.38,16.38,16.38,16.38,0
1751550650,16.38,16.38,16.38,16.38,0
1751550655,16.38,16.38,16.38,16.38,0
1751550660,16.39,16.39,16.39,16.39,0
1751550665,16.39,16.39,16.39,16.39,0
1751550670,16.39,16.39,16.39,16.39,0
1751550675,16.4,16.4,16.4,16.4,0
1751550680,16.4,16.4,16.4,16.4,0
1751550685,16.4,16.4,16.4,16.4,0
1751550690,16.4,16.4,16.4,16.4,0
1751550695,16.4,16.4,16.4,16.4,0
1751550700,16.4,16.4,16.4,16.4,0
1751550705,16.4,16.4,16.4,16.4,0
1751550710,16.4,16.4,16.4,16.4,0
1751550715,16.4,16.4,16.4,16.4,0
1751550720,16.35,16.35,16.35,16.35,0
1751550725,16.35,16.35,16.35,16.35,0
1751550730,16.35,16.35,16.35,16.35,0
1751550735,16.36,16.36,16.36,16.36,0
1751550740,16.36,16.36,16.36,16.36,0
1751550745,16.36,16.36,16.36,16.36,0
1751550750,16.38,16.38,16.38,16.38,0
1751550755,16.38,16.38,16.38,16.38,0
1751550760,16.38,16.38,16.38,16.38,0
1751550765,16.39,16.39,16.39,16.39,0
1751550770,16.39,16.39,16.39,16.39,0
1751550775,16.39,16.39,16.39,16.39,0
1751550780,16.4,16.4,16.4,16.4,0
1751550785,16.4,16.4,16.4,16.4,0
1751550790,16.4,16.4,16.4,16.4,0
1751550795,16.4,16.4,16.4,16.4,0
1751550800,16.4,16.4,16.4,16.4,0
1751550805,16.4,16.4,16.4,16.4,0
1751550810,16.39,16.39,16.39,16.39,0
1751550815,16.39,16.39,16.39,16.39,0
1751550820,16.39,16.39,16.39,16.39,0
1751550825,16.39,16.39,16.39,16.39,0
1751550830,16.39,16.39,16.39,16.39,0
1751550835,16.39,16.39,16.39,16.39,0
1751550840,16.39,16.39,16.39,16.39,0
1751550845,16.39,16.39,16.39,16.39,0
1751550850,16.39,16.39,16.39,16.39,0
1751550855,16.39,16.39,16.39,16.39,0
1751550860,16.39,16.39,16.39,16.39,0
1751550865,16.39,16.39,16.39,16.39,0
1751550870,16.38,16.38,16.38,16.38,0
1751550875,16.38,16.38,16.38,16.38,0
1751550880,16.38,16.38,16.38,16.38,0
1751550885,16.38,16.38,16.38,16.38,0
1751550890,16.38,16.38,16.38,16.38,0
1751550895,16.38,16.38,16.38,16.38,0
1751550900,16.38,16.38,16.38,16.38,0
1751550905,16.38,16.38,16.38,16.38,0
1751550910,16.38,16.38,16.38,16.38,0
1751550915,16.38,16.38,16.38,16.38,0
1751550920,16.38,16.38,16.38,16.38,0
1751550925,16.38,16.38,16.38,16.38,0
1751550930,16.38,16.38,16.38,16.38,0
1751550935,16.38,16.38,16.38,16.38,0
1751550940,16.38,16.38,16.38,16.38,0
1751550945,16.39,16.39,16.39,16.39,0
1751550950,16.39,16.39,16.39,16.39,0
1751550955,16.39,16.39,16.39,16.39,0
1751550960,16.39,16.39,16.39,16.39,0
1751550965,16.39,16.39,16.39,16.39,0
1751550970,16.39,16.39,16.39,16.39,0
1751550975,16.4,16.4,16.4,16.4,0
1751550980,16.4,16.4,16.4,16.4,0
1751550985,16.4,16.4,16.4,16.4,0
1751550990,16.39,16.39,16.39,16.39,0
1751550995,16.39,16.39,16.39,16.39,0
1751551000,16.39,16.39,16.39,16.39,0
1751551005,16.42,16.42,16.42,16.42,0
1751551010,16.42,16.42,16.42,16.42,0
1751551015,16.42,16.42,16.42,16.42,0
1751551020,16.41,16.41,16.41,16.41,0
1751551025,16.41,16.41,16.41,16.41,0
1751551030,16.41,16.41,16.41,16.41,0
1751551035,16.42,16.42,16.42,16.42,0
1751551040,16.42,16.42,16.42,16.42,0
1751551045,16.42,16.42,16.42,16.42,0
1751551050,16.42,16.42,16.42,16.42,0
1751551055,16.42,16.42,16.42,16.42,0
1751551060,16.42,16.42,16.42,16.42,0
1751551065,16.42,16.42,16.42,16.42,0
1751551070,16.42,16.42,16.42,16.42,0
1751551075,16.42,16.42,16.42,16.42,0
1751551080,16.42,16.42,16.42,16.42,0
1751551085,16.42,16.42,16.42,16.42,0
1751551090,16.42,16.42,16.42,16.42,0
1751551095,16.41,16.41,16.41,16.41,0
1751551100,16.41,16.41,16.41,16.41,0
1751551105,16.41,16.41,16.41,16.41,0
1751551110,16.42,16.42,16.42,16.42,0
1751551115,16.42,16.42,16.42,16.42,0
1751551120,16.42,16.42,16.42,16.42,0
1751551125,16.43,16.43,16.43,16.43,0
1751551130,16.43,16.43,16.43,16.43,0
1751551135,16.43,16.43,16.43,16.43,0
1751551140,16.43,16.43,16.43,16.43,0
1751551145,16.43,16.43,16.43,16.43,0
1751551150,16.43,16.43,16.43,16.43,0
1751551155,16.43,16.43,16.43,16.43,0
1751551160,16.43,16.43,16.43,16.43,0
1751551165,16.43,16.43,16.43,16.43,0
1751551170,16.43,16.43,16.43,16.43,0
1751551175,16.43,16.43,16.43,16.43,0
1751551180,16.43,16.43,16.43,16.43,0
1751551185,16.43,16.43,16.43,16.43,0
1751551190,16.43,16.43,16.43,16.43,0
1751551195,16.43,16.43,16.43,16.43,0
1751551200,16.4,16.4,16.4,16.4,0
1751551205,16.4,16.4,16.4,16.4,0
1751551210,16.4,16.4,16.4,16.4,0
1751551215,16.4,16.4,16.4,16.4,0
1751551220,16.4,16.4,16.4,16.4,0
1751551225,16.4,16.4,16.4,16.4,0
1751551230,16.37,16.37,16.37,16.37,0
1751551235,16.37,16.37,16.37,16.37,0
1751551240,16.37,16.37,16.37,16.37,0
1751551245,16.37,16.37,16.37,16.37,0
1751551250,16.37,16.37,16.37,16.37,0
1751551255,16.37,16.37,16.37,16.37,0
1751551260,16.36,16.36,16.36,16.36,0
1751551265,16.36,16.36,16.36,16.36,0
1751551270,16.36,16.36,16.36,16.36,0
1751551275,16.36,16.36,16.36,16.36,0
1751551280,16.36,16.36,16.36,16.36,0
1751551285,16.36,16.36,16.36,16.36,0
1751551290,16.36,16.36,16.36,16.36,0
1751551295,16.36,16.36,16.36,16.36,0
1751551300,16.36,16.36,16.36,16.36,0
1751551305,16.35,16.35,16.35,16.35,0
1751551310,16.35,16.35,16.35,16.35,0
1751551315,16.35,16.35,16.35,16.35,0
1751551320,16.33,16.33,16.33,16.33,0
1751551325,16.33,16.33,16.33,16.33,0
1751551330,16.33,16.33,16.33,16.33,0
1751551335,16.33,16.33,16.33,16.33,0
1751551340,16.33,16.33,16.33,16.33,0
1751551345,16.33,16.33,16.33,16.33,0
1751551350,16.32,16.32,16.32,16.32,0
1751551355,16.32,16.32,16.32,16.32,0
1751551360,16.32,16.32,16.32,16.32,0
1751551365,16.31,16.31,16.31,16.31,0
1751551370,16.31,16.31,16.31,16.31,0
1751551375,16.31,16.31,16.31,16.31,0
1751551380,16.3,16.3,16.3,16.3,0
1751551385,16.3,16.3,16.3,16.3,0
1751551390,16.3,16.3,16.3,16.3,0
1751551395,16.31,16.31,16.31,16.31,0
1751551400,16.31,16.31,16.31,16.31,0
1751551405,16.31,16.31,16.31,16.31,0
1751551410,16.32,16.32,16.32,16.32,0
1751551415,16.32,16.32,16.32,16.32,0
1751551420,16.32,16.32,16.32,16.32,0
1751551425,16.33,16.33,16.33,16.33,0
1751551430,16.33,16.33,16.33,16.33,0
1751551435,16.33,16.33,16.33,16.33,0
1751551440,16.34,16.34,16.34,16.34,0
1751551445,16.34,16.34,16.34,16.34,0
1751551450,16.34,16.34,16.34,16.34,0
1751551455,16.34,16.34,16.34,16.34,0
1751551460,16.34,16.34,16.34,16.34,0
1751551465,16.34,16.34,16.34,16.34,0
1751551470,16.34,16.34,16.34,16.34,0
1751551475,16.34,16.34,16.34,16.34,0
1751551480,16.34,16.34,16.34,16.34,0
1751551485,16.36,16.36,16.36,16.36,0
1751551490,16.36,16.36,16.36,16.36,0
1751551495,16.36,16.36,16.36,16.36,0
1751551500,16.35,16.35,16.35,16.35,0
1751551505,16.35,16.35,16.35,16.35,0
1751551510,16.35,16.35,16.35,16.35,0
1751551515,16.35,16.35,16.35,16.35,0
1751551520,16.35,16.35,16.35,16.35,0
1751551525,16.35,16.35,16.35,16.35,0
1751551530,16.34,16.34,16.34,16.34,0
1751551535,16.34,16.34,16.34,16.34,0
1751551540,16.34,16.34,16.34,16.34,0
1751551545,16.33,16.33,16.33,16.33,0
1751551550,16.33,16.33,16.33,16.33,0
1751551555,16.33,16.33,16.33,16.33,0
1751551560,16.34,16.34,16.34,16.34,0
1751551565,16.34,16.34,16.34,16.34,0
1751551570,16.34,16.34,16.34,16.34,0
1751551575,16.35,16.35,16.35,16.35,0
1751551580,16.35,16.35,16.35,16.35,0
1751551585,16.35,16.35,16.35,16.35,0
1751551590,16.35,16.35,16.35,16.35,0
1751551595,16.35,16.35,16.35,16.35,0
1751551600,16.35,16.35,16.35,16.35,0
1751551605,16.34,16.34,16.34,16.34,0
1751551610,16.34,16.34,16.34,16.34,0
1751551615,16.34,16.34,16.34,16.34,0
1751551620,16.34,16.34,16.34,16.34,0
1751551625,16.34,16.34,16.34,16.34,0
1751551630,16.34,16.34,16.34,16.34,0
1751551635,16.34,16.34,16.34,16.34,0
1751551640,16.34,16.34,16.34,16.34,0
1751551645,16.34,16.34,16.34,16.34,0
1751551650,16.34,16.34,16.34,16.34,0
1751551655,16.34,16.34,16.34,16.34,0
1751551660,16.34,16.34,16.34,16.34,0
1751551665,16.34,16.34,16.34,16.34,0
1751551670,16.34,16.34,16.34,16.34,0
1751551675,16.34,16.34,16.34,16.34,0
1751551680,16.35,16.35,16.35,16.35,0
1751551685,16.35,16.35,16.35,16.35,0
1751551690,16.35,16.35,16.35,16.35,0
1751551695,16.35,16.35,16.35,16.35,0
1751551700,16.35,16.35,16.35,16.35,0
1751551705,16.35,16.35,16.35,16.35,0
1751551710,16.35,16.35,16.35,16.35,0
1751551715,16.35,16.35,16.35,16.35,0
1751551720,16.35,16.35,16.35,16.35,0
1751551725,16.37,16.37,16.37,16.37,0
1751551730,16.37,16.37,16.37,16.37,0
1751551735,16.37,16.37,16.37,16.37,0
1751551740,16.39,16.39,16.39,16.39,0
1751551745,16.39,16.39,16.39,16.39,0
1751551750,16.39,16.39,16.39,16.39,0
1751551755,16.4,16.4,16.4,16.4,0
1751551760,16.4,16.4,16.4,16.4,0
1751551765,16.4,16.4,16.4,16.4,0
1751551770,16.4,16.4,16.4,16.4,0
1751551775,16.4,16.4,16.4,16.4,0
1751551780,16.4,16.4,16.4,16.4,0
1751551785,16.4,16.4,16.4,16.4,0
1751551790,16.4,16.4,16.4,16.4,0
1751551795,16.4,16.4,16.4,16.4,0
1751551800,16.4,16.4,16.4,16.4,0
1751551805,16.4,16.4,16.4,16.4,0
1751551810,16.4,16.4,16.4,16.4,0
1751551815,16.41,16.41,16.41,16.41,0
1751551820,16.41,16.41,16.41,16.41,0
1751551825,16.41,16.41,16.41,16.41,0
1751551830,16.41,16.41,16.41,16.41,0
1751551835,16.41,16.41,16.41,16.41,0
1751551840,16.41,16.41,16.41,16.41,0
1751551845,16.41,16.41,16.41,16.41,0
1751551850,16.41,16.41,16.41,16.41,0
1751551855,16.41,16.41,16.41,16.41,0
1751551860,16.4,16.4,16.4,16.4,0
1751551865,16.4,16.4,16.4,16.4,0
1751551870,16.4,16.4,16.4,16.4,0
1751551875,16.41,16.41,16.41,16.41,0
1751551880,16.41,16.41,16.41,16.41,0
1751551885,16.41,16.41,16.41,16.41,0
1751551890,16.42,16.42,16.42,16.42,0
1751551895,16.42,16.42,16.42,16.42,0
1751551900,16.42,16.42,16.42,16.42,0
1751551905,16.41,16.41,16.41,16.41,0
1751551910,16.41,16.41,16.41,16.41,0
1751551915,16.41,16.41,16.41,16.41,0
1751551920,16.42,16.42,16.42,16.42,0
1751551925,16.42,16.42,16.42,16.42,0
1751551930,16.42,16.42,16.42,16.42,0
1751551935,16.42,16.42,16.42,16.42,0
1751551940,16.42,16.42,16.42,16.42,0
1751551945,16.42,16.42,16.42,16.42,0
1751551950,16.42,16.42,16.42,16.42,0
1751551955,16.42,16.42,16.42,16.42,0
1751551960,16.42,16.42,16.42,16.42,0
1751551965,16.42,16.42,16.42,16.42,0
1751551970,16.42,16.42,16.42,16.42,0
1751551975,16.42,16.42,16.42,16.42,0
1751551980,16.41,16.41,16.41,16.41,0
1751551985,16.41,16.41,16.41,16.41,0
1751551990,16.41,16.41,16.41,16.41,0
1751551995,16.41,16.41,16.41,16.41,0
1751552000,16.41,16.41,16.41,16.41,0
1751552005,16.41,16.41,16.41,16.41,0
1751552010,16.41,16.41,16.41,16.41,0
1751552015,16.41,16.41,16.41,16.41,0
1751552020,16.41,16.41,16.41,16.41,0
1751552025,16.41,16.41,16.41,16.41,0
1751552030,16.41,16.41,16.41,16.41,0
1751552035,16.41,16.41,16.41,16.41,0
1751552040,16.4,16.4,16.4,16.4,0
1751552045,16.4,16.4,16.4,16.4,0
1751552050,16.4,16.4,16.4,16.4,0
1751552055,16.41,16.41,16.41,16.41,0
1751552060,16.41,16.41,16.41,16.41,0
1751552065,16.41,16.41,16.41,16.41,0
1751552070,16.42,16.42,16.42,16.42,0
1751552075,16.42,16.42,16.42,16.42,0
1751552080,16.42,16.42,16.42,16.42,0
1751552085,16.43,16.43,16.43,16.43,0
1751552090,16.43,16.43,16.43,16.43,0
1751552095,16.43,16.43,16.43,16.43,0
1751552100,16.43,16.43,16.43,16.43,0
1751552105,16.43,16.43,16.43,16.43,0
1751552110,16.43,16.43,16.43,16.43,0
1751552115,16.44,16.44,16.44,16.44,0
1751552120,16.44,16.44,16.44,16.44,0
1751552125,16.44,16.44,16.44,16.44,0
1751552130,16.45,16.45,16.45,16.45,0
1751552135,16.45,16.45,16.45,16.45,0
1751552140,16.45,16.45,16.45,16.45,0
1751552145,16.44,16.44,16.44,16.44,0
1751552150,16.44,16.44,16.44,16.44,0
1751552155,16.44,16.44,16.44,16.44,0
1751552160,16.44,16.44,16.44,16.44,0
1751552165,16.44,16.44,16.44,16.44,0
1751552170,16.44,16.44,16.44,16.44,0
1751552175,16.44,16.44,16.44,16.44,0
1751552180,16.44,16.44,16.44,16.44,0
1751552185,16.44,16.44,16.44,16.44,0
1751552190,16.45,16.45,16.45,16.45,0
1751552195,16.45,16.45,16.45,16.45,0
1751552200,16.45,16.45,16.45,16.45,0
1751552205,16.44,16.44,16.44,16.44,0
1751552210,16.44,16.44,16.44,16.44,0
1751552215,16.44,16.44,16.44,16.44,0
1751552220,16.44,16.44,16.44,16.44,0
1751552225,16.44,16.44,16.44,16.44,0
1751552230,16.44,16.44,16.44,16.44,0
1751552235,16.44,16.44,16.44,16.44,0
1751552240,16.44,16.44,16.44,16.44,0
1751552245,16.44,16.44,16.44,16.44,0
1751552250,16.46,16.46,16.46,16.46,0
1751552255,16.46,16.46,16.46,16.46,0
1751552260,16.46,16.46,16.46,16.46,0
1751552265,16.47,16.47,16.47,16.47,0
1751552270,16.47,16.47,16.47,16.47,0
1751552275,16.47,16.47,16.47,16.47,0
1751552280,16.46,16.46,16.46,16.46,0
1751552285,16.46,16.46,16.46,16.46,0
1751552290,16.46,16.46,16.46,16.46,0
1751552295,16.46,16.46,16.46,16.46,0
1751552300,16.46,16.46,16.46,16.46,0
1751552305,16.46,16.46,16.46,16.46,0
1751552310,16.47,16.47,16.47,16.47,0
1751552315,16.47,16.47,16.47,16.47,0
1751552320,16.47,16.47,16.47,16.47,0
1751552325,16.46,16.46,16.46,16.46,0
1751552330,16.46,16.46,16.46,16.46,0
1751552335,16.46,16.46,16.46,16.46,0
1751552340,16.46,16.46,16.46,16.46,0
1751552345,16.46,16.46,16.46,16.46,0
1751552350,16.46,16.46,16.46,16.46,0
1751552355,16.46,16.46,16.46,16.46,0
1751552360,16.46,16.46,16.46,16.46,0
1751552365,16.46,16.46,16.46,16.46,0
1751552370,16.47,16.47,16.47,16.47,0
1751552375,16.47,16.47,16.47,16.47,0
1751552380,16.47,16.47,16.47,16.47,0
1751552385,16.47,16.47,16.47,16.47,0
1751552390,16.47,16.47,16.47,16.47,0
1751552395,16.47,16.47,16.47,16.47,0
1751552400,16.47,16.47,16.47,16.47,0
1751552405,16.47,16.47,16.47,16.47,0
1751552410,16.47,16.47,16.47,16.47,0
1751552415,16.48,16.48,16.48,16.48,0
1751552420,16.48,16.48,16.48,16.48,0
1751552425,16.48,16.48,16.48,16.48,0
1751552430,16.48,16.48,16.48,16.48,0
1751552435,16.48,16.48,16.48,16.48,0
1751552440,16.48,16.48,16.48,16.48,0
1751552445,16.48,16.48,16.48,16.48,0
1751552450,16.48,16.48,16.48,16.48,0
1751552455,16.48,16.48,16.48,16.48,0
1751552460,16.48,16.48,16.48,16.48,0
1751552465,16.48,16.48,16.48,16.48,0
1751552470,16.48,16.48,16.48,16.48,0
1751552475,16.48,16.48,16.48,16.48,0
1751552480,16.48,16.48,16.48,16.48,0
1751552485,16.48,16.48,16.48,16.48,0
1751552490,16.49,16.49,16.49,16.49,0
1751552495,16.49,16.49,16.49,16.49,0
1751552500,16.49,16.49,16.49,16.49,0
1751552505,16.5,16.5,16.5,16.5,0
1751552510,16.5,16.5,16.5,16.5,0
1751552515,16.5,16.5,16.5,16.5,0
1751552520,16.49,16.49,16.49,16.49,0
1751552525,16.49,16.49,16.49,16.49,0
1751552530,16.49,16.49,16.49,16.49,0
1751552535,16.49,16.49,16.49,16.49,0
1751552540,16.49,16.49,16.49,16.49,0
1751552545,16.49,16.49,16.49,16.49,0
1751552550,16.48,16.48,16.48,16.48,0
1751552555,16.48,16.48,16.48,16.48,0
1751552560,16.48,16.48,16.48,16.48,0
1751552565,16.48,16.48,16.48,16.48,0
1751552570,16.48,16.48,16.48,16.48,0
1751552575,16.48,16.48,16.48,16.48,0
1751552580,16.48,16.48,16.48,16.48,0
1751552585,16.48,16.48,16.48,16.48,0
1751552590,16.48,16.48,16.48,16.48,0
1751552595,16.49,16.49,16.49,16.49,0
1751552600,16.49,16.49,16.49,16.49,0
1751552605,16.49,16.49,16.49,16.49,0
1751552610,16.49,16.49,16.49,16.49,0
1751552615,16.49,16.49,16.49,16.49,0
1751552620,16.49,16.49,16.49,16.49,0
1751552625,16.5,16.5,16.5,16.5,0
1751552630,16.5,16.5,16.5,16.5,0
1751552635,16.5,16.5,16.5,16.5,0
1751552640,16.5,16.5,16.5,16.5,0
1751552645,16.5,16.5,16.5,16.5,0
1751552650,16.5,16.5,16.5,16.5,0
1751552655,16.5,16.5,16.5,16.5,0
1751552660,16.5,16.5,16.5,16.5,0
1751552665,16.5,16.5,16.5,16.5,0
1751552670,16.5,16.5,16.5,16.5,0
1751552675,16.5,16.5,16.5,16.5,0
1751552680,16.5,16.5,16.5,16.5,0
1751552685,16.5,16.5,16.5,16.5,0
1751552690,16.5,16.5,16.5,16.5,0
1751552695,16.5,16.5,16.5,16.5,0
1751552700,16.5,16.5,16.5,16.5,0
1751552705,16.5,16.5,16.5,16.5,0
1751552710,16.5,16.5,16.5,16.5,0
1751552715,16.5,16.5,16.5,16.5,0
1751552720,16.5,16.5,16.5,16.5,0
1751552725,16.5,16.5,16.5,16.5,0
1751552730,16.51,16.51,16.51,16.51,0
1751552735,16.51,16.51,16.51,16.51,0
1751552740,16.51,16.51,16.51,16.51,0
1751552745,16.51,16.51,16.51,16.51,0
1751552750,16.51,16.51,16.51,16.51,0
1751552755,16.51,16.51,16.51,16.51,0
1751552760,16.51,16.51,16.51,16.51,0
1751552765,16.51,16.51,16.51,16.51,0
1751552770,16.51,16.51,16.51,16.51,0
1751552775,16.51,16.51,16.51,16.51,0
1751552780,16.51,16.51,16.51,16.51,0
1751552785,16.51,16.51,16.51,16.51,0
1751552790,16.51,16.51,16.51,16.51,0
1751552795,16.51,16.51,16.51,16.51,0
1751552800,16.51,16.51,16.51,16.51,0
1751552805,16.51,16.51,16.51,16.51,0
1751552810,16.51,16.51,16.51,16.51,0
1751552815,16.51,16.51,16.51,16.51,0
1751552820,16.51,16.51,16.51,16.51,0
1751552825,16.51,16.51,16.51,16.51,0
1751552830,16.51,16.51,16.51,16.51,0
1751552835,16.52,16.52,16.52,16.52,0
1751552840,16.52,16.52,16.52,16.52,0
1751552845,16.52,16.52,16.52,16.52,0
1751552850,16.52,16.52,16.52,16.52,0
1751552855,16.52,16.52,16.52,16.52,0
1751552860,16.52,16.52,16.52,16.52,0
1751552865,16.5,16.5,16.5,16.5,0
1751552870,16.5,16.5,16.5,16.5,0
1751552875,16.5,16.5,16.5,16.5,0
1751552880,16.48,16.48,16.48,16.48,0
1751552885,16.48,16.48,16.48,16.48,0
1751552890,16.48,16.48,16.48,16.48,0
1751552895,16.49,16.49,16.49,16.49,0
1751552900,16.49,16.49,16.49,16.49,0
1751552905,16.49,16.49,16.49,16.49,0
1751552910,16.49,16.49,16.49,16.49,0
1751552915,16.49,16.49,16.49,16.49,0
1751552920,16.49,16.49,16.49,16.49,0
1751552925,16.49,16.49,16.49,16.49,0
1751552930,16.49,16.49,16.49,16.49,0
1751552935,16.49,16.49,16.49,16.49,0
1751552940,16.5,16.5,16.5,16.5,0
1751552945,16.5,16.5,16.5,16.5,0
1751552950,16.5,16.5,16.5,16.5,0
1751552955,16.5,16.5,16.5,16.5,0
1751552960,16.5,16.5,16.5,16.5,0
1751552965,16.5,16.5,16.5,16.5,0
1751552970,16.49,16.49,16.49,16.49,0
1751552975,16.49,16.49,16.49,16.49,0
1751552980,16.49,16.49,16.49,16.49,0
1751552985,16.48,16.48,16.48,16.48,0
1751552990,16.48,16.48,16.48,16.48,0
1751552995,16.48,16.48,16.48,16.48,0
1751553000,16.48,16.48,16.48,16.48,0
1751553005,16.48,16.48,16.48,16.48,0
1751553010,16.48,16.48,16.48,16.48,0
1751553015,16.48,16.48,16.48,16.48,0
1751553020,16.48,16.48,16.48,16.48,0
1751553025,16.48,16.48,16.48,16.48,0
1751553030,16.48,16.48,16.48,16.48,0
1751553035,16.48,16.48,16.48,16.48,0
1751553040,16.48,16.48,16.48,16.48,0
1751553045,16.47,16.47,16.47,16.47,0
1751553050,16.47,16.47,16.47,16.47,0
1751553055,16.47,16.47,16.47,16.47,0
1751553060,16.48,16.48,16.48,16.48,0
1751553065,16.48,16.48,16.48,16.48,0
1751553070,16.48,16.48,16.48,16.48,0
1751553075,16.48,16.48,16.48,16.48,0
1751553080,16.48,16.48,16.48,16.48,0
1751553085,16.48,16.48,16.48,16.48,0
1751553090,16.48,16.48,16.48,16.48,0
1751553095,16.48,16.48,16.48,16.48,0
1751553100,16.48,16.48,16.48,16.48,0
1751553105,16.49,16.49,16.49,16.49,0
1751553110,16.49,16.49,16.49,16.49,0
1751553115,16.49,16.49,16.49,16.49,0
1751553120,16.48,16.48,16.48,16.48,0
1751553125,16.48,16.48,16.48,16.48,0
1751553130,16.48,16.48,16.48,16.48,0
1751553135,16.48,16.48,16.48,16.48,0
1751553140,16.48,16.48,16.48,16.48,0
1751553145,16.48,16.48,16.48,16.48,0
1751553150,16.48,16.48,16.48,16.48,0
1751553155,16.48,16.48,16.48,16.48,0
1751553160,16.48,16.48,16.48,16.48,0
1751553165,16.49,16.49,16.49,16.49,0
1751553170,16.49,16.49,16.49,16.49,0
1751553175,16.49,16.49,16.49,16.49,0
1751553180,16.48,16.48,16.48,16.48,0
1751553185,16.48,16.48,16.48,16.48,0
1751553190,16.48,16.48,16.48,16.48,0
1751553195,16.48,16.48,16.48,16.48,0
1751553200,16.48,16.48,16.48,16.48,0
1751553205,16.48,16.48,16.48,16.48,0
1751553210,16.5,16.5,16.5,16.5,0
1751553215,16.5,16.5,16.5,16.5,0
1751553220,16.5,16.5,16.5,16.5,0
1751553225,16.49,16.49,16.49,16.49,0
1751553230,16.49,16.49,16.49,16.49,0
1751553235,16.49,16.49,16.49,16.49,0
1751553240,16.49,16.49,16.49,16.49,0
1751553245,16.49,16.49,16.49,16.49,0
1751553250,16.49,16.49,16.49,16.49,0
1751553255,16.48,16.48,16.48,16.48,0
1751553260,16.48,16.48,16.48,16.48,0
1751553265,16.48,16.48,16.48,16.48,0
1751553270,16.48,16.48,16.48,16.48,0
1751553275,16.48,16.48,16.48,16.48,0
1751553280,16.48,16.48,16.48,16.48,0
1751553285,16.47,16.47,16.47,16.47,0
1751553290,16.47,16.47,16.47,16.47,0
1751553295,16.47,16.47,16.47,16.47,0
1751553300,16.47,16.47,16.47,16.47,0
1751553305,16.47,16.47,16.47,16.47,0
1751553310,16.47,16.47,16.47,16.47,0
1751553315,16.47,16.47,16.47,16.47,0
1751553320,16.47,16.47,16.47,16.47,0
1751553325,16.47,16.47,16.47,16.47,0
1751553330,16.47,16.47,16.47,16.47,0
1751553335,16.47,16.47,16.47,16.47,0
1751553340,16.47,16.47,16.47,16.47,0
1751553345,16.47,16.47,16.47,16.47,0
1751553350,16.47,16.47,16.47,16.47,0
1751553355,16.47,16.47,16.47,16.47,0
1751553360,16.46,16.46,16.46,16.46,0
1751553365,16.46,16.46,16.46,16.46,0
1751553370,16.46,16.46,16.46,16.46,0
1751553375,16.46,16.46,16.46,16.46,0
1751553380,16.46,16.46,16.46,16.46,0
1751553385,16.46,16.46,16.46,16.46,0
1751553390,16.45,16.45,16.45,16.45,0
1751553395,16.45,16.45,16.45,16.45,0
1751553400,16.45,16.45,16.45,16.45,0
1751553405,16.46,16.46,16.46,16.46,0
1751553410,16.46,16.46,16.46,16.46,0
1751553415,16.46,16.46,16.46,16.46,0
1751553420,16.44,16.44,16.44,16.44,0
1751553425,16.44,16.44,16.44,16.44,0
1751553430,16.44,16.44,16.44,16.44,0
1751553435,16.45,16.45,16.45,16.45,0
1751553440,16.45,16.45,16.45,16.45,0
1751553445,16.45,16.45,16.45,16.45,0
1751553450,16.45,16.45,16.45,16.45,0
1751553455,16.45,16.45,16.45,16.45,0
1751553460,16.45,16.45,16.45,16.45,0
1751553465,16.45,16.45,16.45,16.45,0
1751553470,16.45,16.45,16.45,16.45,0
1751553475,16.45,16.45,16.45,16.45,0
1751553480,16.45,16.45,16.45,16.45,0
1751553485,16.45,16.45,16.45,16.45,0
1751553490,16.45,16.45,16.45,16.45,0
1751553495,16.44,16.44,16.44,16.44,0
1751553500,16.44,16.44,16.44,16.44,0
1751553505,16.44,16.44,16.44,16.44,0
1751553510,16.44,16.44,16.44,16.44,0
1751553515,16.44,16.44,16.44,16.44,0
1751553520,16.44,16.44,16.44,16.44,0
1751553525,16.43,16.43,16.43,16.43,0
1751553530,16.43,16.43,16.43,16.43,0
1751553535,16.43,16.43,16.43,16.43,0
1751553540,16.45,16.45,16.45,16.45,0
1751553545,16.45,16.45,16.45,16.45,0
1751553550,16.45,16.45,16.45,16.45,0
1751553555,16.45,16.45,16.45,16.45,0
1751553560,16.45,16.45,16.45,16.45,0
1751553565,16.45,16.45,16.45,16.45,0
1751553570,16.45,16.45,16.45,16.45,0
1751553575,16.45,16.45,16.45,16.45,0
1751553580,16.45,16.45,16.45,16.45,0
1751553585,16.45,16.45,16.45,16.45,0
1751553590,16.45,16.45,16.45,16.45,0
1751553595,16.45,16.45,16.45,16.45,0
1751553600,16.45,16.45,16.45,16.45,0
1751553605,16.45,16.45,16.45,16.45,0
1751553610,16.45,16.45,16.45,16.45,0
1751553615,16.45,16.45,16.45,16.45,0
1751553620,16.45,16.45,16.45,16.45,0
1751553625,16.45,16.45,16.45,16.45,0
1751553630,16.45,16.45,16.45,16.45,0
1751553635,16.45,16.45,16.45,16.45,0
1751553640,16.45,16.45,16.45,16.45,0
1751553645,16.45,16.45,16.45,16.45,0
1751553650,16.45,16.45,16.45,16.45,0
1751553655,16.45,16.45,16.45,16.45,0
1751553660,16.43,16.43,16.43,16.43,0
1751553665,16.43,16.43,16.43,16.43,0
1751553670,16.43,16.43,16.43,16.43,0
1751553675,16.43,16.43,16.43,16.43,0
1751553680,16.43,16.43,16.43,16.43,0
1751553685,16.43,16.43,16.43,16.43,0
1751553690,16.43,16.43,16.43,16.43,0
1751553695,16.43,16.43,16.43,16.43,0
1751553700,16.43,16.43,16.43,16.43,0
1751553705,16.43,16.43,16.43,16.43,0
1751553710,16.43,16.43,16.43,16.43,0
1751553715,16.43,16.43,16.43,16.43,0
1751553720,16.43,16.43,16.43,16.43,0
1751553725,16.43,16.43,16.43,16.43,0
1751553730,16.43,16.43,16.43,16.43,0
1751553735,16.42,16.42,16.42,16.42,0
1751553740,16.42,16.42,16.42,16.42,0
1751553745,16.42,16.42,16.42,16.42,0
1751553750,16.43,16.43,16.43,16.43,0
1751553755,16.43,16.43,16.43,16.43,0
1751553760,16.43,16.43,16.43,16.43,0
1751553765,16.43,16.43,16.43,16.43,0
1751553770,16.43,16.43,16.43,16.43,0
1751553775,16.43,16.43,16.43,16.43,0
1751553780,16.43,16.43,16.43,16.43,0
1751553785,16.43,16.43,16.43,16.43,0
1751553790,16.43,16.43,16.43,16.43,0
1751553795,16.43,16.43,16.43,16.43,0
1751553800,16.43,16.43,16.43,16.43,0
1751553805,16.43,16.43,16.43,16.43,0
1751553810,16.42,16.42,16.42,16.42,0
1751553815,16.42,16.42,16.42,16.42,0
1751553820,16.42,16.42,16.42,16.42,0
1751553825,16.42,16.42,16.42,16.42,0
1751553830,16.42,16.42,16.42,16.42,0
1751553835,16.42,16.42,16.42,16.42,0
1751553840,16.42,16.42,16.42,16.42,0
1751553845,16.42,16.42,16.42,16.42,0
1751553850,16.42,16.42,16.42,16.42,0
1751553855,16.42,16.42,16.42,16.42,0
1751553860,16.42,16.42,16.42,16.42,0
1751553865,16.42,16.42,16.42,16.42,0
1751553870,16.42,16.42,16.42,16.42,0
1751553875,16.42,16.42,16.42,16.42,0
1751553880,16.42,16.42,16.42,16.42,0
1751553885,16.41,16.41,16.41,16.41,0
1751553890,16.41,16.41,16.41,16.41,0
1751553895,16.41,16.41,16.41,16.41,0
1751553900,16.41,16.41,16.41,16.41,0
1751553905,16.41,16.41,16.41,16.41,0
1751553910,16.41,16.41,16.41,16.41,0
1751553915,16.41,16.41,16.41,16.41,0
1751553920,16.41,16.41,16.41,16.41,0
1751553925,16.41,16.41,16.41,16.41,0
1751553930,16.41,16.41,16.41,16.41,0
1751553935,16.41,16.41,16.41,16.41,0
1751553940,16.41,16.41,16.41,16.41,0
1751553945,16.41,16.41,16.41,16.41,0
1751553950,16.41,16.41,16.41,16.41,0
1751553955,16.41,16.41,16.41,16.41,0
1751553960,16.41,16.41,16.41,16.41,0
1751553965,16.41,16.41,16.41,16.41,0
1751553970,16.41,16.41,16.41,16.41,0
1751553975,16.41,16.41,16.41,16.41,0
1751553980,16.41,16.41,16.41,16.41,0
1751553985,16.41,16.41,16.41,16.41,0
1751553990,16.42,16.42,16.42,16.42,0
1751553995,16.42,16.42,16.42,16.42,0
1751554000,16.42,16.42,16.42,16.42,0
1751554005,16.42,16.42,16.42,16.42,0
1751554010,16.42,16.42,16.42,16.42,0
1751554015,16.42,16.42,16.42,16.42,0
1751554020,16.41,16.41,16.41,16.41,0
1751554025,16.41,16.41,16.41,16.41,0
1751554030,16.41,16.41,16.41,16.41,0
1751554035,16.41,16.41,16.41,16.41,0
1751554040,16.41,16.41,16.41,16.41,0
1751554045,16.41,16.41,16.41,16.41,0
1751554050,16.41,16.41,16.41,16.41,0
1751554055,16.41,16.41,16.41,16.41,0
1751554060,16.41,16.41,16.41,16.41,0
1751554065,16.42,16.42,16.42,16.42,0
1751554070,16.42,16.42,16.42,16.42,0
1751554075,16.42,16.42,16.42,16.42,0
1751554080,16.42,16.42,16.42,16.42,0
1751554085,16.42,16.42,16.42,16.42,0
1751554090,16.42,16.42,16.42,16.42,0
1751554095,16.42,16.42,16.42,16.42,0
1751554100,16.42,16.42,16.42,16.42,0
1751554105,16.42,16.42,16.42,16.42,0
1751554110,16.41,16.41,16.41,16.41,0
1751554115,16.41,16.41,16.41,16.41,0
1751554120,16.41,16.41,16.41,16.41,0
1751554125,16.41,16.41,16.41,16.41,0
1751554130,16.41,16.41,16.41,16.41,0
1751554135,16.41,16.41,16.41,16.41,0
1751554140,16.41,16.41,16.41,16.41,0
1751554145,16.41,16.41,16.41,16.41,0
1751554150,16.41,16.41,16.41,16.41,0
1751554155,16.42,16.42,16.42,16.42,0
1751554160,16.42,16.42,16.42,16.42,0
1751554165,16.42,16.42,16.42,16.42,0
1751554170,16.42,16.42,16.42,16.42,0
1751554175,16.42,16.42,16.42,16.42,0
1751554180,16.42,16.42,16.42,16.42,0
1751554185,16.42,16.42,16.42,16.42,0
1751554190,16.42,16.42,16.42,16.42,0
1751554195,16.42,16.42,16.42,16.42,0
1751554200,16.43,16.43,16.43,16.43,0
1751554205,16.43,16.43,16.43,16.43,0
1751554210,16.43,16.43,16.43,16.43,0
1751554215,16.44,16.44,16.44,16.44,0
1751554220,16.44,16.44,16.44,16.44,0
1751554225,16.44,16.44,16.44,16.44,0
1751554230,16.44,16.44,16.44,16.44,0
1751554235,16.44,16.44,16.44,16.44,0
1751554240,16.44,16.44,16.44,16.44,0
1751554245,16.44,16.44,16.44,16.44,0
1751554250,16.44,16.44,16.44,16.44,0
1751554255,16.44,16.44,16.44,16.44,0
1751554260,16.44,16.44,16.44,16.44,0
1751554265,16.44,16.44,16.44,16.44,0
1751554270,16.44,16.44,16.44,16.44,0
1751554275,16.44,16.44,16.44,16.44,0
1751554280,16.44,16.44,16.44,16.44,0
1751554285,16.44,16.44,16.44,16.44,0
1751554290,16.44,16.44,16.44,16.44,0
1751554295,16.44,16.44,16.44,16.44,0
1751554300,16.44,16.44,16.44,16.44,0
1751554305,16.44,16.44,16.44,16.44,0
1751554310,16.44,16.44,16.44,16.44,0
1751554315,16.44,16.44,16.44,16.44,0
1751554320,16.44,16.44,16.44,16.44,0
1751554325,16.44,16.44,16.44,16.44,0
1751554330,16.44,16.44,16.44,16.44,0
1751554335,16.44,16.44,16.44,16.44,0
1751554340,16.44,16.44,16.44,16.44,0
1751554345,16.44,16.44,16.44,16.44,0
1751554350,16.45,16.45,16.45,16.45,0
1751554355,16.45,16.45,16.45,16.45,0
1751554360,16.45,16.45,16.45,16.45,0
1751554365,16.45,16.45,16.45,16.45,0
1751554370,16.45,16.45,16.45,16.45,0
1751554375,16.45,16.45,16.45,16.45,0
1751554380,16.45,16.45,16.45,16.45,0
1751554385,16.45,16.45,16.45,16.45,0
1751554390,16.45,16.45,16.45,16.45,0
1751554395,16.45,16.45,16.45,16.45,0
1751554400,16.45,16.45,16.45,16.45,0
1751554405,16.45,16.45,16.45,16.45,0
1751554410,16.45,16.45,16.45,16.45,0
1751554415,16.45,16.45,16.45,16.45,0
1751554420,16.45,16.45,16.45,16.45,0
1751554425,16.45,16.45,16.45,16.45,0
1751554430,16.45,16.45,16.45,16.45,0
1751554435,16.45,16.45,16.45,16.45,0
1751554440,16.45,16.45,16.45,16.45,0
1751554445,16.45,16.45,16.45,16.45,0
1751554450,16.45,16.45,16.45,16.45,0
1751554455,16.46,16.46,16.46,16.46,0
1751554460,16.46,16.46,16.46,16.46,0
1751554465,16.46,16.46,16.46,16.46,0
1751554470,16.46,16.46,16.46,16.46,0
1751554475,16.46,16.46,16.46,16.46,0
1751554480,16.46,16.46,16.46,16.46,0
1751554485,16.46,16.46,16.46,16.46,0
1751554490,16.46,16.46,16.46,16.46,0
1751554495,16.46,16.46,16.46,16.46,0
1751554500,16.46,16.46,16.46,16.46,0
1751554505,16.46,16.46,16.46,16.46,0
1751554510,16.46,16.46,16.46,16.46,0
1751554515,16.46,16.46,16.46,16.46,0
1751554520,16.46,16.46,16.46,16.46,0
1751554525,16.46,16.46,16.46,16.46,0
1751554530,16.48,16.48,16.48,16.48,0
1751554535,16.48,16.48,16.48,16.48,0
1751554540,16.48,16.48,16.48,16.48,0
1751554545,16.47,16.47,16.47,16.47,0
1751554550,16.47,16.47,16.47,16.47,0
1751554555,16.47,16.47,16.47,16.47,0
1751554560,16.47,16.47,16.47,16.47,0
1751554565,16.47,16.47,16.47,16.47,0
1751554570,16.47,16.47,16.47,16.47,0
1751554575,16.47,16.47,16.47,16.47,0
1751554580,16.47,16.47,16.47,16.47,0
1751554585,16.47,16.47,16.47,16.47,0
1751554590,16.47,16.47,16.47,16.47,0
1751554595,16.47,16.47,16.47,16.47,0
1751554600,16.47,16.47,16.47,16.47,0
1751554605,16.47,16.47,16.47,16.47,0
1751554610,16.47,16.47,16.47,16.47,0
1751554615,16.47,16.47,16.47,16.47,0
1751554620,16.46,16.46,16.46,16.46,0
1751554625,16.46,16.46,16.46,16.46,0
1751554630,16.46,16.46,16.46,16.46,0
1751554635,16.46,16.46,16.46,16.46,0
1751554640,16.46,16.46,16.46,16.46,0
1751554645,16.46,16.46,16.46,16.46,0
1751554650,16.47,16.47,16.47,16.47,0
1751554655,16.47,16.47,16.47,16.47,0
1751554660,16.47,16.47,16.47,16.47,0
1751554665,16.46,16.46,16.46,16.46,0
1751554670,16.46,16.46,16.46,16.46,0
1751554675,16.46,16.46,16.46,16.46,0
1751554680,16.46,16.46,16.46,16.46,0
1751554685,16.46,16.46,16.46,16.46,0
1751554690,16.46,16.46,16.46,16.46,0
1751554695,16.47,16.47,16.47,16.47,0
1751554700,16.47,16.47,16.47,16.47,0
1751554705,16.47,16.47,16.47,16.47,0
1751554710,16.47,16.47,16.47,16.47,0
1751554715,16.47,16.47,16.47,16.47,0
1751554720,16.47,16.47,16.47,16.47,0
1751554725,16.46,16.46,16.46,16.46,0
1751554730,16.46,16.46,16.46,16.46,0
1751554735,16.46,16.46,16.46,16.46,0
1751554740,16.46,16.46,16.46,16.46,0
1751554745,16.46,16.46,16.46,16.46,0
1751554750,16.46,16.46,16.46,16.46,0
1751554755,16.46,16.46,16.46,16.46,0
1751554760,16.46,16.46,16.46,16.46,0
1751554765,16.46,16.46,16.46,16.46,0
1751554770,16.48,16.48,16.48,16.48,0
1751554775,16.48,16.48,16.48,16.48,0
1751554780,16.48,16.48,16.48,16.48,0
1751554785,16.47,16.47,16.47,16.47,0
1751554790,16.47,16.47,16.47,16.47,0
1751554795,16.47,16.47,16.47,16.47,0
1751554800,16.46,16.46,16.46,16.46,0
1751554805,16.46,16.46,16.46,16.46,0
1751554810,16.46,16.46,16.46,16.46,0
1751554815,16.45,16.45,16.45,16.45,0
1751554820,16.45,16.45,16.45,16.45,0
1751554825,16.45,16.45,16.45,16.45,0
1751554830,16.46,16.46,16.46,16.46,0
1751554835,16.46,16.46,16.46,16.46,0
1751554840,16.46,16.46,16.46,16.46,0
1751554845,16.46,16.46,16.46,16.46,0
1751554850,16.46,16.46,16.46,16.46,0
1751554855,16.46,16.46,16.46,16.46,0
1751554860,16.46,16.46,16.46,16.46,0
1751554865,16.46,16.46,16.46,16.46,0
1751554870,16.46,16.46,16.46,16.46,0
1751554875,16.45,16.45,16.45,16.45,0
1751554880,16.45,16.45,16.45,16.45,0
1751554885,16.45,16.45,16.45,16.45,0
1751554890,16.43,16.43,16.43,16.43,0
1751554895,16.43,16.43,16.43,16.43,0
1751554900,16.43,16.43,16.43,16.43,0
1751554905,16.43,16.43,16.43,16.43,0
1751554910,16.43,16.43,16.43,16.43,0
1751554915,16.43,16.43,16.43,16.43,0
1751554920,16.43,16.43,16.43,16.43,0
1751554925,16.43,16.43,16.43,16.43,0
1751554930,16.43,16.43,16.43,16.43,0
1751554935,16.42,16.42,16.42,16.42,0
1751554940,16.42,16.42,16.42,16.42,0
1751554945,16.42,16.42,16.42,16.42,0
1751554950,16.42,16.42,16.42,16.42,0
1751554955,16.42,16.42,16.42,16.42,0
1751554960,16.42,16.42,16.42,16.42,0
1751554965,16.42,16.42,16.42,16.42,0
1751554970,16.42,16.42,16.42,16.42,0
1751554975,16.42,16.42,16.42,16.42,0
1751554980,16.41,16.41,16.41,16.41,0
1751554985,16.41,16.41,16.41,16.41,0
1751554990,16.41,16.41,16.41,16.41,0
1751554995,16.41,16.41,16.41,16.41,0
1751555000,16.41,16.41,16.41,16.41,0
1751555005,16.41,16.41,16.41,16.41,0
1751555010,16.41,16.41,16.41,16.41,0
1751555015,16.41,16.41,16.41,16.41,0
1751555020,16.41,16.41,16.41,16.41,0
1751555025,16.42,16.42,16.42,16.42,0
1751555030,16.42,16.42,16.42,16.42,0
1751555035,16.42,16.42,16.42,16.42,0
1751555040,16.42,16.42,16.42,16.42,0
1751555045,16.42,16.42,16.42,16.42,0
1751555050,16.42,16.42,16.42,16.42,0
1751555055,16.42,16.42,16.42,16.42,0
1751555060,16.42,16.42,16.42,16.42,0
1751555065,16.42,16.42,16.42,16.42,0
1751555070,16.42,16.42,16.42,16.42,0
1751555075,16.42,16.42,16.42,16.42,0
1751555080,16.42,16.42,16.42,16.42,0
1751555085,16.41,16.41,16.41,16.41,0
1751555090,16.41,16.41,16.41,16.41,0
1751555095,16.41,16.41,16.41,16.41,0
1751555100,16.42,16.42,16.42,16.42,0
1751555105,16.42,16.42,16.42,16.42,0
1751555110,16.42,16.42,16.42,16.42,0
1751555115,16.41,16.41,16.41,16.41,0
1751555120,16.41,16.41,16.41,16.41,0
1751555125,16.41,16.41,16.41,16.41,0
1751555130,16.41,16.41,16.41,16.41,0
1751555135,16.41,16.41,16.41,16.41,0
1751555140,16.41,16.41,16.41,16.41,0
1751555145,16.41,16.41,16.41,16.41,0
1751555150,16.41,16.41,16.41,16.41,0
1751555155,16.41,16.41,16.41,16.41,0
1751555160,16.41,16.41,16.41,16.41,0
1751555165,16.41,16.41,16.41,16.41,0
1751555170,16.41,16.41,16.41,16.41,0
1751555175,16.4,16.4,16.4,16.4,0
1751555180,16.4,16.4,16.4,16.4,0
1751555185,16.4,16.4,16.4,16.4,0
1751555190,16.4,16.4,16.4,16.4,0
1751555195,16.4,16.4,16.4,16.4,0
1751555200,16.4,16.4,16.4,16.4,0
1751555205,16.37,16.37,16.37,16.37,0
1751555210,16.37,16.37,16.37,16.37,0
1751555215,16.37,16.37,16.37,16.37,0
1751555220,16.36,16.36,16.36,16.36,0
1751555225,16.36,16.36,16.36,16.36,0
1751555230,16.36,16.36,16.36,16.36,0
1751555235,16.34,16.34,16.34,16.34,0
1751555240,16.34,16.34,16.34,16.34,0
1751555245,16.34,16.34,16.34,16.34,0
1751555250,16.33,16.33,16.33,16.33,0
1751555255,16.33,16.33,16.33,16.33,0
1751555260,16.33,16.33,16.33,16.33,0
1751555265,16.33,16.33,16.33,16.33,0
1751555270,16.33,16.33,16.33,16.33,0
1751555275,16.33,16.33,16.33,16.33,0
1751555280,16.34,16.34,16.34,16.34,0
1751555285,16.34,16.34,16.34,16.34,0
1751555290,16.34,16.34,16.34,16.34,0
1751555295,16.34,16.34,16.34,16.34,0
1751555300,16.34,16.34,16.34,16.34,0
1751555305,16.34,16.34,16.34,16.34,0
1751555310,16.38,16.38,16.38,16.38,0
1751555315,16.38,16.38,16.38,16.38,0
1751555320,16.38,16.38,16.38,16.38,0
1751555325,16.37,16.37,16.37,16.37,0
1751555330,16.37,16.37,16.37,16.37,0
1751555335,16.37,16.37,16.37,16.37,0
1751555340,16.4,16.4,16.4,16.4,0
1751555345,16.4,16.4,16.4,16.4,0
1751555350,16.4,16.4,16.4,16.4,0
1751555355,16.4,16.4,16.4,16.4,0
1751555360,16.4,16.4,16.4,16.4,0
1751555365,16.4,16.4,16.4,16.4,0
1751555370,16.4,16.4,16.4,16.4,0
1751555375,16.4,16.4,16.4,16.4,0
1751555380,16.4,16.4,16.4,16.4,0
1751555385,16.4,16.4,16.4,16.4,0
1751555390,16.4,16.4,16.4,16.4,0
1751555395,16.4,16.4,16.4,16.4,0
1751555400,16.39,16.39,16.39,16.39,0
1751555405,16.39,16.39,16.39,16.39,0
1751555410,16.39,16.39,16.39,16.39,0
1751555415,16.39,16.39,16.39,16.39,0
1751555420,16.39,16.39,16.39,16.39,0
1751555425,16.39,16.39,16.39,16.39,0
1751555430,16.39,16.39,16.39,16.39,0
1751555435,16.39,16.39,16.39,16.39,0
1751555440,16.39,16.39,16.39,16.39,0
1751555445,16.39,16.39,16.39,16.39,0
1751555450,16.39,16.39,16.39,16.39,0
1751555455,16.39,16.39,16.39,16.39,0
1751555460,16.39,16.39,16.39,16.39,0
1751555465,16.39,16.39,16.39,16.39,0
1751555470,16.39,16.39,16.39,16.39,0
1751555475,16.39,16.39,16.39,16.39,0
1751555480,16.39,16.39,16.39,16.39,0
1751555485,16.39,16.39,16.39,16.39,0
1751555490,16.39,16.39,16.39,16.39,0
1751555495,16.39,16.39,16.39,16.39,0
1751555500,16.39,16.39,16.39,16.39,0
1751555505,16.39,16.39,16.39,16.39,0
1751555510,16.39,16.39,16.39,16.39,0
1751555515,16.39,16.39,16.39,16.39,0
1751555520,16.39,16.39,16.39,16.39,0
1751555525,16.39,16.39,16.39,16.39,0
1751555530,16.39,16.39,16.39,16.39,0
1751555535,16.39,16.39,16.39,16.39,0
1751555540,16.39,16.39,16.39,16.39,0
1751555545,16.39,16.39,16.39,16.39,0
1751555550,16.4,16.4,16.4,16.4,0
1751555555,16.4,16.4,16.4,16.4,0
1751555560,16.4,16.4,16.4,16.4,0
1751555565,16.39,16.39,16.39,16.39,0
1751555570,16.39,16.39,16.39,16.39,0
1751555575,16.39,16.39,16.39,16.39,0
1751555580,16.39,16.39,16.39,16.39,0
1751555585,16.39,16.39,16.39,16.39,0
1751555590,16.39,16.39,16.39,16.39,0
1751555595,16.4,16.4,16.4,16.4,0
1751555600,16.4,16.4,16.4,16.4,0
1751555605,16.4,16.4,16.4,16.4,0
1751555610,16.4,16.4,16.4,16.4,0
1751555615,16.4,16.4,16.4,16.4,0
1751555620,16.4,16.4,16.4,16.4,0
1751555625,16.41,16.41,16.41,16.41,0
1751555630,16.41,16.41,16.41,16.41,0
1751555635,16.41,16.41,16.41,16.41,0
1751555640,16.4,16.4,16.4,16.4,0
1751555645,16.4,16.4,16.4,16.4,0
1751555650,16.4,16.4,16.4,16.4,0
1751555655,16.4,16.4,16.4,16.4,0
1751555660,16.4,16.4,16.4,16.4,0
1751555665,16.4,16.4,16.4,16.4,0
1751555670,16.41,16.41,16.41,16.41,0
1751555675,16.41,16.41,16.41,16.41,0
1751555680,16.41,16.41,16.41,16.41,0
1751555685,16.41,16.41,16.41,16.41,0
1751555690,16.41,16.41,16.41,16.41,0
1751555695,16.41,16.41,16.41,16.41,0
1751555700,16.4,16.4,16.4,16.4,0
1751555705,16.4,16.4,16.4,16.4,0
1751555710,16.4,16.4,16.4,16.4,0
1751555715,16.4,16.4,16.4,16.4,0
1751555720,16.4,16.4,16.4,16.4,0
1751555725,16.4,16.4,16.4,16.4,0
1751555730,16.4,16.4,16.4,16.4,0
1751555735,16.4,16.4,16.4,16.4,0
1751555740,16.4,16.4,16.4,16.4,0
1751555745,16.4,16.4,16.4,16.4,0
1751555750,16.4,16.4,16.4,16.4,0
1751555755,16.4,16.4,16.4,16.4,0
1751555760,16.4,16.4,16.4,16.4,0
1751555765,16.4,16.4,16.4,16.4,0
1751555770,16.4,16.4,16.4,16.4,0
1751555775,16.4,16.4,16.4,16.4,0
1751555780,16.4,16.4,16.4,16.4,0
1751555785,16.4,16.4,16.4,16.4,0
1751555790,16.4,16.4,16.4,16.4,0
1751555795,16.4,16.4,16.4,16.4,0
1751555800,16.4,16.4,16.4,16.4,0
1751555805,16.4,16.4,16.4,16.4,0
1751555810,16.4,16.4,16.4,16.4,0
1751555815,16.4,16.4,16.4,16.4,0
1751555820,16.4,16.4,16.4,16.4,0
1751555825,16.4,16.4,16.4,16.4,0
1751555830,16.4,16.4,16.4,16.4,0
1751555835,16.4,16.4,16.4,16.4,0
1751555840,16.4,16.4,16.4,16.4,0
1751555845,16.4,16.4,16.4,16.4,0
1751555850,16.4,16.4,16.4,16.4,0
1751555855,16.4,16.4,16.4,16.4,0
1751555860,16.4,16.4,16.4,16.4,0
1751555865,16.4,16.4,16.4,16.4,0
1751555870,16.4,16.4,16.4,16.4,0
1751555875,16.4,16.4,16.4,16.4,0
1751555880,16.4,16.4,16.4,16.4,0
1751555885,16.4,16.4,16.4,16.4,0
1751555890,16.4,16.4,16.4,16.4,0
1751555895,16.41,16.41,16.41,16.41,0
1751555900,16.41,16.41,16.41,16.41,0
1751555905,16.41,16.41,16.41,16.41,0
1751555910,16.42,16.42,16.42,16.42,0
1751555915,16.42,16.42,16.42,16.42,0
1751555920,16.42,16.42,16.42,16.42,0
1751555925,16.39,16.39,16.39,16.39,0
1751555930,16.39,16.39,16.39,16.39,0
1751555935,16.39,16.39,16.39,16.39,0
1751555940,16.39,16.39,16.39,16.39,0
1751555945,16.39,16.39,16.39,16.39,0
1751555950,16.39,16.39,16.39,16.39,0
1751555955,16.39,16.39,16.39,16.39,0
1751555960,16.39,16.39,16.39,16.39,0
1751555965,16.39,16.39,16.39,16.39,0
1751555970,16.38,16.38,16.38,16.38,0
1751555975,16.38,16.38,16.38,16.38,0
1751555980,16.38,16.38,16.38,16.38,0
1751555985,16.39,16.39,16.39,16.39,0
1751555990,16.39,16.39,16.39,16.39,0
1751555995,16.39,16.39,16.39,16.39,0
1751556000,16.39,16.39,16.39,16.39,0
1751556005,16.39,16.39,16.39,16.39,0
1751556010,16.39,16.39,16.39,16.39,0
1751556015,16.39,16.39,16.39,16.39,0
1751556020,16.39,16.39,16.39,16.39,0
1751556025,16.39,16.39,16.39,16.39,0
1751556030,16.39,16.39,16.39,16.39,0
1751556035,16.39,16.39,16.39,16.39,0
1751556040,16.39,16.39,16.39,16.39,0
1751556045,16.38,16.38,16.38,16.38,0
1751556050,16.38,16.38,16.38,16.38,0
1751556055,16.38,16.38,16.38,16.38,0
1751556060,16.38,16.38,16.38,16.38,0
1751556065,16.38,16.38,16.38,16.38,0
1751556070,16.38,16.38,16.38,16.38,0
1751556075,16.37,16.37,16.37,16.37,0
1751556080,16.37,16.37,16.37,16.37,0
1751556085,16.37,16.37,16.37,16.37,0
1751556090,16.38,16.38,16.38,16.38,0
1751556095,16.38,16.38,16.38,16.38,0
1751556100,16.38,16.38,16.38,16.38,0
1751556105,16.4,16.4,16.4,16.4,0
1751556110,16.4,16.4,16.4,16.4,0
1751556115,16.4,16.4,16.4,16.4,0
1751556120,16.4,16.4,16.4,16.4,0
1751556125,16.4,16.4,16.4,16.4,0
1751556130,16.4,16.4,16.4,16.4,0
1751556135,16.4,16.4,16.4,16.4,0
1751556140,16.4,16.4,16.4,16.4,0
1751556145,16.4,16.4,16.4,16.4,0
1751556150,16.38,16.38,16.38,16.38,0
1751556155,16.38,16.38,16.38,16.38,0
1751556160,16.38,16.38,16.38,16.38,0
1751556165,16.38,16.38,16.38,16.38,0
1751556170,16.38,16.38,16.38,16.38,0
1751556175,16.38,16.38,16.38,16.38,0
1751556180,16.38,16.38,16.38,16.38,0
1751556185,16.38,16.38,16.38,16.38,0
1751556190,16.38,16.38,16.38,16.38,0
1751556195,16.38,16.38,16.38,16.38,0
1751556200,16.38,16.38,16.38,16.38,0
1751556205,16.38,16.38,16.38,16.38,0
1751556210,16.38,16.38,16.38,16.38,0
1751556215,16.38,16.38,16.38,16.38,0
1751556220,16.38,16.38,16.38,16.38,0
1751556225,16.38,16.38,16.38,16.38,0
1751556230,16.38,16.38,16.38,16.38,0
1751556235,16.38,16.38,16.38,16.38,0
1751556240,16.37,16.37,16.37,16.37,0
1751556245,16.37,16.37,16.37,16.37,0
1751556250,16.37,16.37,16.37,16.37,0
1751556255,16.38,16.38,16.38,16.38,0
1751556260,16.38,16.38,16.38,16.38,0
1751556265,16.38,16.38,16.38,16.38,0
1751556270,16.39,16.39,16.39,16.39,0
1751556275,16.39,16.39,16.39,16.39,0
1751556280,16.39,16.39,16.39,16.39,0
1751556285,16.39,16.39,16.39,16.39,0
1751556290,16.39,16.39,16.39,16.39,0
1751556295,16.39,16.39,16.39,16.39,0
1751556300,16.39,16.39,16.39,16.39,0
1751556305,16.39,16.39,16.39,16.39,0
1751556310,16.39,16.39,16.39,16.39,0
1751556315,16.38,16.38,16.38,16.38,0
1751556320,16.38,16.38,16.38,16.38,0
1751556325,16.38,16.38,16.38,16.38,0
1751556330,16.37,16.37,16.37,16.37,0
1751556335,16.37,16.37,16.37,16.37,0
1751556340,16.37,16.37,16.37,16.37,0
1751556345,16.35,16.35,16.35,16.35,0
1751556350,16.35,16.35,16.35,16.35,0
1751556355,16.35,16.35,16.35,16.35,0
1751556360,16.36,16.36,16.36,16.36,0
1751556365,16.36,16.36,16.36,16.36,0
1751556370,16.36,16.36,16.36,16.36,0
1751556375,16.36,16.36,16.36,16.36,0
1751556380,16.36,16.36,16.36,16.36,0
1751556385,16.36,16.36,16.36,16.36,0
1751556390,16.36,16.36,16.36,16.36,0
1751556395,16.36,16.36,16.36,16.36,0
1751556400,16.36,16.36,16.36,16.36,0
1751556405,16.36,16.36,16.36,16.36,0
1751556410,16.36,16.36,16.36,16.36,0
1751556415,16.36,16.36,16.36,16.36,0
1751556420,16.37,16.37,16.37,16.37,0
1751556425,16.37,16.37,16.37,16.37,0
1751556430,16.37,16.37,16.37,16.37,0
1751556435,16.37,16.37,16.37,16.37,0
1751556440,16.37,16.37,16.37,16.37,0
1751556445,16.37,16.37,16.37,16.37,0
1751556450,16.37,16.37,16.37,16.37,0
1751556455,16.37,16.37,16.37,16.37,0
1751556460,16.37,16.37,16.37,16.37,0
1751556465,16.37,16.37,16.37,16.37,0
1751556470,16.37,16.37,16.37,16.37,0
1751556475,16.37,16.37,16.37,16.37,0
1751556480,16.36,16.36,16.36,16.36,0
1751556485,16.36,16.36,16.36,16.36,0
1751556490,16.36,16.36,16.36,16.36,0
1751556495,16.36,16.36,16.36,16.36,0
1751556500,16.36,16.36,16.36,16.36,0
1751556505,16.36,16.36,16.36,16.36,0
1751556510,16.36,16.36,16.36,16.36,0
1751556515,16.36,16.36,16.36,16.36,0
1751556520,16.36,16.36,16.36,16.36,0
1751556525,16.36,16.36,16.36,16.36,0
1751556530,16.36,16.36,16.36,16.36,0
1751556535,16.36,16.36,16.36,16.36,0
1751556540,16.36,16.36,16.36,16.36,0
1751556545,16.36,16.36,16.36,16.36,0
1751556550,16.36,16.36,16.36,16.36,0
1751556555,16.35,16.35,16.35,16.35,0
1751556560,16.35,16.35,16.35,16.35,0
1751556565,16.35,16.35,16.35,16.35,0
1751556570,16.35,16.35,16.35,16.35,0
1751556575,16.35,16.35,16.35,16.35,0
1751556580,16.35,16.35,16.35,16.35,0
1751556585,16.35,16.35,16.35,16.35,0
1751556590,16.35,16.35,16.35,16.35,0
1751556595,16.35,16.35,16.35,16.35,0
1751556600,16.35,16.35,16.35,16.35,0
1751556605,16.35,16.35,16.35,16.35,0
1751556610,16.35,16.35,16.35,16.35,0
1751556615,16.35,16.35,16.35,16.35,0
1751556620,16.35,16.35,16.35,16.35,0
1751556625,16.35,16.35,16.35,16.35,0
1751556630,16.35,16.35,16.35,16.35,0
1751556635,16.35,16.35,16.35,16.35,0
1751556640,16.35,16.35,16.35,16.35,0
1751556645,16.35,16.35,16.35,16.35,0
1751556650,16.35,16.35,16.35,16.35,0
1751556655,16.35,16.35,16.35,16.35,0
1751556660,16.35,16.35,16.35,16.35,0
1751556665,16.35,16.35,16.35,16.35,0
1751556670,16.35,16.35,16.35,16.35,0
1751556675,16.34,16.34,16.34,16.34,0
1751556680,16.34,16.34,16.34,16.34,0
1751556685,16.34,16.34,16.34,16.34,0
1751556690,16.35,16.35,16.35,16.35,0
1751556695,16.35,16.35,16.35,16.35,0
1751556700,16.35,16.35,16.35,16.35,0
1751556705,16.34,16.34,16.34,16.34,0
1751556710,16.34,16.34,16.34,16.34,0
1751556715,16.34,16.34,16.34,16.34,0
1751556720,16.34,16.34,16.34,16.34,0
1751556725,16.34,16.34,16.34,16.34,0
1751556730,16.34,16.34,16.34,16.34,0
1751556735,16.35,16.35,16.35,16.35,0
1751556740,16.35,16.35,16.35,16.35,0
1751556745,16.35,16.35,16.35,16.35,0
1751556750,16.35,16.35,16.35,16.35,0
1751556755,16.35,16.35,16.35,16.35,0
1751556760,16.35,16.35,16.35,16.35,0
1751556765,16.35,16.35,16.35,16.35,0
1751556770,16.35,16.35,16.35,16.35,0
1751556775,16.35,16.35,16.35,16.35,0
1751556780,16.35,16.35,16.35,16.35,0
1751556785,16.35,16.35,16.35,16.35,0
1751556790,16.35,16.35,16.35,16.35,0
1751556795,16.35,16.35,16.35,16.35,0
1751556800,16.35,16.35,16.35,16.35,0
1751556805,16.35,16.35,16.35,16.35,0
1751556810,16.35,16.35,16.35,16.35,0
1751556815,16.35,16.35,16.35,16.35,0
1751556820,16.35,16.35,16.35,16.35,0
1751556825,16.35,16.35,16.35,16.35,0
1751556830,16.35,16.35,16.35,16.35,0
1751556835,16.35,16.35,16.35,16.35,0
1751556840,16.35,16.35,16.35,16.35,0
1751556845,16.35,16.35,16.35,16.35,0
1751556850,16.35,16.35,16.35,16.35,0
1751556855,16.35,16.35,16.35,16.35,0
1751556860,16.35,16.35,16.35,16.35,0
1751556865,16.35,16.35,16.35,16.35,0
1751556870,16.36,16.36,16.36,16.36,0
1751556875,16.36,16.36,16.36,16.36,0
1751556880,16.36,16.36,16.36,16.36,0
1751556885,16.36,16.36,16.36,16.36,0
1751556890,16.36,16.36,16.36,16.36,0
1751556895,16.36,16.36,16.36,16.36,0
1751556900,16.36,16.36,16.36,16.36,0
1751556905,16.36,16.36,16.36,16.36,0
1751556910,16.36,16.36,16.36,16.36,0
1751556915,16.34,16.34,16.34,16.34,0
1751556920,16.34,16.34,16.34,16.34,0
1751556925,16.34,16.34,16.34,16.34,0
1751556930,16.34,16.34,16.34,16.34,0
1751556935,16.34,16.34,16.34,16.34,0
1751556940,16.34,16.34,16.34,16.34,0
1751556945,16.34,16.34,16.34,16.34,0
1751556950,16.34,16.34,16.34,16.34,0
1751556955,16.34,16.34,16.34,16.34,0
1751556960,16.33,16.33,16.33,16.33,0
1751556965,16.33,16.33,16.33,16.33,0
1751556970,16.33,16.33,16.33,16.33,0
1751556975,16.32,16.32,16.32,16.32,0
1751556980,16.32,16.32,16.32,16.32,0
1751556985,16.32,16.32,16.32,16.32,0
1751556990,16.33,16.33,16.33,16.33,0
1751556995,16.33,16.33,16.33,16.33,0
1751557000,16.33,16.33,16.33,16.33,0
1751557005,16.32,16.32,16.32,16.32,0
1751557010,16.32,16.32,16.32,16.32,0
1751557015,16.32,16.32,16.32,16.32,0
1751557020,16.32,16.32,16.32,16.32,0
1751557025,16.32,16.32,16.32,16.32,0
1751557030,16.32,16.32,16.32,16.32,0
1751557035,16.32,16.32,16.32,16.32,0
1751557040,16.32,16.32,16.32,16.32,0
1751557045,16.32,16.32,16.32,16.32,0
1751557050,16.31,16.31,16.31,16.31,0
1751557055,16.31,16.31,16.31,16.31,0
1751557060,16.31,16.31,16.31,16.31,0
1751557065,16.32,16.32,16.32,16.32,0
1751557070,16.32,16.32,16.32,16.32,0
1751557075,16.32,16.32,16.32,16.32,0
1751557080,16.32,16.32,16.32,16.32,0
1751557085,16.32,16.32,16.32,16.32,0
1751557090,16.32,16.32,16.32,16.32,0
1751557095,16.32,16.32,16.32,16.32,0
1751557100,16.32,16.32,16.32,16.32,0
1751557105,16.32,16.32,16.32,16.32,0
1751557110,16.32,16.32,16.32,16.32,0
1751557115,16.32,16.32,16.32,16.32,0
1751557120,16.32,16.32,16.32,16.32,0
1751557125,16.32,16.32,16.32,16.32,0
1751557130,16.32,16.32,16.32,16.32,0
1751557135,16.32,16.32,16.32,16.32,0
1751557140,16.33,16.33,16.33,16.33,0
1751557145,16.33,16.33,16.33,16.33,0
1751557150,16.33,16.33,16.33,16.33,0
1751557155,16.33,16.33,16.33,16.33,0
1751557160,16.33,16.33,16.33,16.33,0
1751557165,16.33,16.33,16.33,16.33,0
1751557170,16.32,16.32,16.32,16.32,0
1751557175,16.32,16.32,16.32,16.32,0
1751557180,16.32,16.32,16.32,16.32,0
1751557185,16.33,16.33,16.33,16.33,0
1751557190,16.33,16.33,16.33,16.33,0
1751557195,16.33,16.33,16.33,16.33,0
1751557200,16.33,16.33,16.33,16.33,0
1751557205,16.33,16.33,16.33,16.33,0
1751557210,16.33,16.33,16.33,16.33,0
1751557215,16.32,16.32,16.32,16.32,0
1751557220,16.32,16.32,16.32,16.32,0
1751557225,16.32,16.32,16.32,16.32,0
1751557230,16.32,16.32,16.32,16.32,0
1751557235,16.32,16.32,16.32,16.32,0
1751557240,16.32,16.32,16.32,16.32,0
1751557245,16.31,16.31,16.31,16.31,0
1751557250,16.31,16.31,16.31,16.31,0
1751557255,16.31,16.31,16.31,16.31,0
1751557260,16.32,16.32,16.32,16.32,0
1751557265,16.32,16.32,16.32,16.32,0
1751557270,16.32,16.32,16.32,16.32,0
1751557275,16.31,16.31,16.31,16.31,0
1751557280,16.31,16.31,16.31,16.31,0
1751557285,16.31,16.31,16.31,16.31,0
1751557290,16.32,16.32,16.32,16.32,0
1751557295,16.32,16.32,16.32,16.32,0
1751557300,16.32,16.32,16.32,16.32,0
1751557305,16.29,16.29,16.29,16.29,0
1751557310,16.29,16.29,16.29,16.29,0
1751557315,16.29,16.29,16.29,16.29,0
1751557320,16.31,16.31,16.31,16.31,0
1751557325,16.31,16.31,16.31,16.31,0
1751557330,16.31,16.31,16.31,16.31,0
1751557335,16.3,16.3,16.3,16.3,0
1751557340,16.3,16.3,16.3,16.3,0
1751557345,16.3,16.3,16.3,16.3,0
1751557350,16.31,16.31,16.31,16.31,0
1751557355,16.31,16.31,16.31,16.31,0
1751557360,16.31,16.31,16.31,16.31,0
1751557365,16.31,16.31,16.31,16.31,0
1751557370,16.31,16.31,16.31,16.31,0
1751557375,16.31,16.31,16.31,16.31,0
1751557380,16.31,16.31,16.31,16.31,0
1751557385,16.31,16.31,16.31,16.31,0
1751557390,16.31,16.31,16.31,16.31,0
1751557395,16.31,16.31,16.31,16.31,0
1751557400,16.31,16.31,16.31,16.31,0
1751557405,16.31,16.31,16.31,16.31,0
1751557410,16.3,16.3,16.3,16.3,0
1751557415,16.3,16.3,16.3,16.3,0
1751557420,16.3,16.3,16.3,16.3,0
1751557425,16.31,16.31,16.31,16.31,0
1751557430,16.31,16.31,16.31,16.31,0
1751557435,16.31,16.31,16.31,16.31,0
1751557440,16.31,16.31,16.31,16.31,0
1751557445,16.31,16.31,16.31,16.31,0
1751557450,16.31,16.31,16.31,16.31,0
1751557455,16.31,16.31,16.31,16.31,0
1751557460,16.31,16.31,16.31,16.31,0
1751557465,16.31,16.31,16.31,16.31,0
1751557470,16.32,16.32,16.32,16.32,0
1751557475,16.32,16.32,16.32,16.32,0
1751557480,16.32,16.32,16.32,16.32,0
1751557485,16.32,16.32,16.32,16.32,0
1751557490,16.32,16.32,16.32,16.32,0
1751557495,16.32,16.32,16.32,16.32,0
1751557500,16.32,16.32,16.32,16.32,0
1751557505,16.32,16.32,16.32,16.32,0
1751557510,16.32,16.32,16.32,16.32,0
1751557515,16.32,16.32,16.32,16.32,0
1751557520,16.32,16.32,16.32,16.32,0
1751557525,16.32,16.32,16.32,16.32,0
1751557530,16.33,16.33,16.33,16.33,0
1751557535,16.33,16.33,16.33,16.33,0
1751557540,16.33,16.33,16.33,16.33,0
1751557545,16.32,16.32,16.32,16.32,0
1751557550,16.32,16.32,16.32,16.32,0
1751557555,16.32,16.32,16.32,16.32,0
1751557560,16.32,16.32,16.32,16.32,0
1751557565,16.32,16.32,16.32,16.32,0
1751557570,16.32,16.32,16.32,16.32,0
1751557575,16.32,16.32,16.32,16.32,0
1751557580,16.32,16.32,16.32,16.32,0
1751557585,16.32,16.32,16.32,16.32,0
1751557590,16.31,16.31,16.31,16.31,0
1751557595,16.31,16.31,16.31,16.31,0
1751557600,16.31,16.31,16.31,16.31,0
1751557605,16.31,16.31,16.31,16.31,0
1751557610,16.31,16.31,16.31,16.31,0
1751557615,16.31,16.31,16.31,16.31,0
1751557620,16.32,16.32,16.32,16.32,0
1751557625,16.32,16.32,16.32,16.32,0
1751557630,16.32,16.32,16.32,16.32,0
1751557635,16.32,16.32,16.32,16.32,0
1751557640,16.32,16.32,16.32,16.32,0
1751557645,16.32,16.32,16.32,16.32,0
1751557650,16.32,16.32,16.32,16.32,0
1751557655,16.32,16.32,16.32,16.32,0
1751557660,16.32,16.32,16.32,16.32,0
1751557665,16.32,16.32,16.32,16.32,0
1751557670,16.32,16.32,16.32,16.32,0
1751557675,16.32,16.32,16.32,16.32,0
1751557680,16.32,16.32,16.32,16.32,0
1751557685,16.32,16.32,16.32,16.32,0
1751557690,16.32,16.32,16.32,16.32,0
1751557695,16.33,16.33,16.33,16.33,0
1751557700,16.33,16.33,16.33,16.33,0
1751557705,16.33,16.33,16.33,16.33,0
1751557710,16.33,16.33,16.33,16.33,0
1751557715,16.33,16.33,16.33,16.33,0
1751557720,16.33,16.33,16.33,16.33,0
1751557725,16.34,16.34,16.34,16.34,0
1751557730,16.34,16.34,16.34,16.34,0
1751557735,16.34,16.34,16.34,16.34,0
1751557740,16.33,16.33,16.33,16.33,0
1751557745,16.33,16.33,16.33,16.33,0
1751557750,16.33,16.33,16.33,16.33,0
1751557755,16.33,16.33,16.33,16.33,0
1751557760,16.33,16.33,16.33,16.33,0
1751557765,16.33,16.33,16.33,16.33,0
1751557770,16.33,16.33,16.33,16.33,0
1751557775,16.33,16.33,16.33,16.33,0
1751557780,16.33,16.33,16.33,16.33,0
1751557785,16.33,16.33,16.33,16.33,0
1751557790,16.33,16.33,16.33,16.33,0
1751557795,16.33,16.33,16.33,16.33,0
1751557800,16.34,16.34,16.34,16.34,0
1751557805,16.34,16.34,16.34,16.34,0
1751557810,16.34,16.34,16.34,16.34,0
1751557815,16.34,16.34,16.34,16.34,0
1751557820,16.34,16.34,16.34,16.34,0
1751557825,16.34,16.34,16.34,16.34,0
1751557830,16.35,16.35,16.35,16.35,0
1751557835,16.35,16.35,16.35,16.35,0
1751557840,16.35,16.35,16.35,16.35,0
1751557845,16.36,16.36,16.36,16.36,0
1751557850,16.36,16.36,16.36,16.36,0
1751557855,16.36,16.36,16.36,16.36,0
1751557860,16.36,16.36,16.36,16.36,0
1751557865,16.36,16.36,16.36,16.36,0
1751557870,16.36,16.36,16.36,16.36,0
1751557875,16.36,16.36,16.36,16.36,0
1751557880,16.36,16.36,16.36,16.36,0
1751557885,16.36,16.36,16.36,16.36,0
1751557890,16.37,16.37,16.37,16.37,0
1751557895,16.37,16.37,16.37,16.37,0
1751557900,16.37,16.37,16.37,16.37,0
1751557905,16.38,16.38,16.38,16.38,0
1751557910,16.38,16.38,16.38,16.38,0
1751557915,16.38,16.38,16.38,16.38,0
1751557920,16.37,16.37,16.37,16.37,0
1751557925,16.37,16.37,16.37,16.37,0
1751557930,16.37,16.37,16.37,16.37,0
1751557935,16.37,16.37,16.37,16.37,0
1751557940,16.37,16.37,16.37,16.37,0
1751557945,16.37,16.37,16.37,16.37,0
1751557950,16.37,16.37,16.37,16.37,0
1751557955,16.37,16.37,16.37,16.37,0
1751557960,16.37,16.37,16.37,16.37,0
1751557965,16.35,16.35,16.35,16.35,0
1751557970,16.35,16.35,16.35,16.35,0
1751557975,16.35,16.35,16.35,16.35,0
1751557980,16.36,16.36,16.36,16.36,0
1751557985,16.36,16.36,16.36,16.36,0
1751557990,16.36,16.36,16.36,16.36,0
1751557995,16.36,16.36,16.36,16.36,0
1751558000,16.36,16.36,16.36,16.36,0
1751558005,16.36,16.36,16.36,16.36,0
1751558010,16.37,16.37,16.37,16.37,0
1751558015,16.37,16.37,16.37,16.37,0
1751558020,16.37,16.37,16.37,16.37,0
1751558025,16.37,16.37,16.37,16.37,0
1751558030,16.37,16.37,16.37,16.37,0
1751558035,16.37,16.37,16.37,16.37,0
1751558040,16.38,16.38,16.38,16.38,0
1751558045,16.38,16.38,16.38,16.38,0
1751558050,16.38,16.38,16.38,16.38,0
1751558055,16.38,16.38,16.38,16.38,0
1751558060,16.38,16.38,16.38,16.38,0
1751558065,16.38,16.38,16.38,16.38,0
1751558070,16.39,16.39,16.39,16.39,0
1751558075,16.39,16.39,16.39,16.39,0
1751558080,16.39,16.39,16.39,16.39,0
1751558085,16.39,16.39,16.39,16.39,0
1751558090,16.39,16.39,16.39,16.39,0
1751558095,16.39,16.39,16.39,16.39,0
1751558100,16.39,16.39,16.39,16.39,0
1751558105,16.39,16.39,16.39,16.39,0
1751558110,16.39,16.39,16.39,16.39,0
1751558115,16.39,16.39,16.39,16.39,0
1751558120,16.39,16.39,16.39,16.39,0
1751558125,16.39,16.39,16.39,16.39,0
1751558130,16.39,16.39,16.39,16.39,0
1751558135,16.39,16.39,16.39,16.39,0
1751558140,16.39,16.39,16.39,16.39,0
1751558145,16.4,16.4,16.4,16.4,0
1751558150,16.4,16.4,16.4,16.4,0
1751558155,16.4,16.4,16.4,16.4,0
1751558160,16.39,16.39,16.39,16.39,0
1751558165,16.39,16.39,16.39,16.39,0
1751558170,16.39,16.39,16.39,16.39,0
1751558175,16.4,16.4,16.4,16.4,0
1751558180,16.4,16.4,16.4,16.4,0
1751558185,16.4,16.4,16.4,16.4,0
1751558190,16.4,16.4,16.4,16.4,0
1751558195,16.4,16.4,16.4,16.4,0
1751558200,16.4,16.4,16.4,16.4,0
1751558205,16.4,16.4,16.4,16.4,0
1751558210,16.4,16.4,16.4,16.4,0
1751558215,16.4,16.4,16.4,16.4,0
1751558220,16.4,16.4,16.4,16.4,0
1751558225,16.4,16.4,16.4,16.4,0
1751558230,16.4,16.4,16.4,16.4,0
1751558235,16.41,16.41,16.41,16.41,0
1751558240,16.41,16.41,16.41,16.41,0
1751558245,16.41,16.41,16.41,16.41,0
1751558250,16.4,16.4,16.4,16.4,0
1751558255,16.4,16.4,16.4,16.4,0
1751558260,16.4,16.4,16.4,16.4,0
1751558265,16.41,16.41,16.41,16.41,0
1751558270,16.41,16.41,16.41,16.41,0
1751558275,16.41,16.41,16.41,16.41,0
1751558280,16.4,16.4,16.4,16.4,0
1751558285,16.4,16.4,16.4,16.4,0
1751558290,16.4,16.4,16.4,16.4,0
1751558295,16.4,16.4,16.4,16.4,0
1751558300,16.4,16.4,16.4,16.4,0
1751558305,16.4,16.4,16.4,16.4,0
1751558310,16.4,16.4,16.4,16.4,0
1751558315,16.4,16.4,16.4,16.4,0
1751558320,16.4,16.4,16.4,16.4,0
1751558325,16.4,16.4,16.4,16.4,0
1751558330,16.4,16.4,16.4,16.4,0
1751558335,16.4,16.4,16.4,16.4,0
1751558340,16.41,16.41,16.41,16.41,0
1751558345,16.41,16.41,16.41,16.41,0
1751558350,16.41,16.41,16.41,16.41,0
1751558355,16.41,16.41,16.41,16.41,0
1751558360,16.41,16.41,16.41,16.41,0
1751558365,16.41,16.41,16.41,16.41,0
1751558370,16.41,16.41,16.41,16.41,0
1751558375,16.41,16.41,16.41,16.41,0
1751558380,16.41,16.41,16.41,16.41,0
1751558385,16.41,16.41,16.41,16.41,0
1751558390,16.41,16.41,16.41,16.41,0
1751558395,16.41,16.41,16.41,16.41,0
1751558400,16.41,16.41,16.41,16.41,0
1751558405,16.41,16.41,16.41,16.41,0
1751558410,16.41,16.41,16.41,16.41,0
1751558415,16.41,16.41,16.41,16.41,0
1751558420,16.41,16.41,16.41,16.41,0
1751558425,16.41,16.41,16.41,16.41,0
1751558430,16.41,16.41,16.41,16.41,0
1751558435,16.41,16.41,16.41,16.41,0
1751558440,16.41,16.41,16.41,16.41,0
1751558445,16.41,16.41,16.41,16.41,0
1751558450,16.41,16.41,16.41,16.41,0
1751558455,16.41,16.41,16.41,16.41,0
1751558460,16.41,16.41,16.41,16.41,0
1751558465,16.41,16.41,16.41,16.41,0
1751558470,16.41,16.41,16.41,16.41,0
1751558475,16.41,16.41,16.41,16.41,0
1751558480,16.41,16.41,16.41,16.41,0
1751558485,16.41,16.41,16.41,16.41,0
1751558490,16.4,16.4,16.4,16.4,0
1751558495,16.4,16.4,16.4,16.4,0
1751558500,16.4,16.4,16.4,16.4,0
1751558505,16.4,16.4,16.4,16.4,0
1751558510,16.4,16.4,16.4,16.4,0
1751558515,16.4,16.4,16.4,16.4,0
1751558520,16.4,16.4,16.4,16.4,0
1751558525,16.4,16.4,16.4,16.4,0
1751558530,16.4,16.4,16.4,16.4,0
1751558535,16.4,16.4,16.4,16.4,0
1751558540,16.4,16.4,16.4,16.4,0
1751558545,16.4,16.4,16.4,16.4,0
1751558550,16.39,16.39,16.39,16.39,0
1751558555,16.39,16.39,16.39,16.39,0
1751558560,16.39,16.39,16.39,16.39,0
1751558565,16.39,16.39,16.39,16.39,0
1751558570,16.39,16.39,16.39,16.39,0
1751558575,16.39,16.39,16.39,16.39,0
1751558580,16.4,16.4,16.4,16.4,0
1751558585,16.4,16.4,16.4,16.4,0
1751558590,16.4,16.4,16.4,16.4,0
1751558595,16.4,16.4,16.4,16.4,0
1751558600,16.4,16.4,16.4,16.4,0
1751558605,16.4,16.4,16.4,16.4,0
1751558610,16.4,16.4,16.4,16.4,0
1751558615,16.4,16.4,16.4,16.4,0
1751558620,16.4,16.4,16.4,16.4,0
1751558625,16.4,16.4,16.4,16.4,0
1751558630,16.4,16.4,16.4,16.4,0
1751558635,16.4,16.4,16.4,16.4,0
1751558640,16.41,16.41,16.41,16.41,0
1751558645,16.41,16.41,16.41,16.41,0
1751558650,16.41,16.41,16.41,16.41,0
1751558655,16.41,16.41,16.41,16.41,0
1751558660,16.41,16.41,16.41,16.41,0
1751558665,16.41,16.41,16.41,16.41,0
1751558670,16.41,16.41,16.41,16.41,0
1751558675,16.41,16.41,16.41,16.41,0
1751558680,16.41,16.41,16.41,16.41,0
1751558685,16.41,16.41,16.41,16.41,0
1751558690,16.41,16.41,16.41,16.41,0
1751558695,16.41,16.41,16.41,16.41,0
1751558700,16.41,16.41,16.41,16.41,0
1751558705,16.41,16.41,16.41,16.41,0
1751558710,16.41,16.41,16.41,16.41,0
1751558715,16.42,16.42,16.42,16.42,0
1751558720,16.42,16.42,16.42,16.42,0
1751558725,16.42,16.42,16.42,16.42,0
1751558730,16.42,16.42,16.42,16.42,0
1751558735,16.42,16.42,16.42,16.42,0
1751558740,16.42,16.42,16.42,16.42,0
1751558745,16.42,16.42,16.42,16.42,0
1751558750,16.42,16.42,16.42,16.42,0
1751558755,16.42,16.42,16.42,16.42,0
1751558760,16.42,16.42,16.42,16.42,0
1751558765,16.42,16.42,16.42,16.42,0
1751558770,16.42,16.42,16.42,16.42,0
1751558775,16.41,16.41,16.41,16.41,0
1751558780,16.41,16.41,16.41,16.41,0
1751558785,16.41,16.41,16.41,16.41,0
1751558790,16.42,16.42,16.42,16.42,0
1751558795,16.42,16.42,16.42,16.42,0
1751558800,16.42,16.42,16.42,16.42,0
1751558805,16.42,16.42,16.42,16.42,0
1751558810,16.42,16.42,16.42,16.42,0
1751558815,16.42,16.42,16.42,16.42,0
1751558820,16.42,16.42,16.42,16.42,0
1751558825,16.42,16.42,16.42,16.42,0
1751558830,16.42,16.42,16.42,16.42,0
1751558835,16.42,16.42,16.42,16.42,0
1751558840,16.42,16.42,16.42,16.42,0
1751558845,16.42,16.42,16.42,16.42,0
1751558850,16.42,16.42,16.42,16.42,0
1751558855,16.42,16.42,16.42,16.42,0
1751558860,16.42,16.42,16.42,16.42,0
1751558865,16.42,16.42,16.42,16.42,0
1751558870,16.42,16.42,16.42,16.42,0
1751558875,16.42,16.42,16.42,16.42,0
1751558880,16.42,16.42,16.42,16.42,0
1751558885,16.42,16.42,16.42,16.42,0
1751558890,16.42,16.42,16.42,16.42,0
1751558895,16.42,16.42,16.42,16.42,0
1751558900,16.42,16.42,16.42,16.42,0
1751558905,16.42,16.42,16.42,16.42,0
1751558910,16.42,16.42,16.42,16.42,0
1751558915,16.42,16.42,16.42,16.42,0
1751558920,16.42,16.42,16.42,16.42,0
1751558925,16.43,16.43,16.43,16.43,0
1751558930,16.43,16.43,16.43,16.43,0
1751558935,16.43,16.43,16.43,16.43,0
1751558940,16.44,16.44,16.44,16.44,0
1751558945,16.44,16.44,16.44,16.44,0
1751558950,16.44,16.44,16.44,16.44,0
1751558955,16.44,16.44,16.44,16.44,0
1751558960,16.44,16.44,16.44,16.44,0
1751558965,16.44,16.44,16.44,16.44,0
1751558970,16.45,16.45,16.45,16.45,0
1751558975,16.45,16.45,16.45,16.45,0
1751558980,16.45,16.45,16.45,16.45,0
1751558985,16.45,16.45,16.45,16.45,0
1751558990,16.45,16.45,16.45,16.45,0
1751558995,16.45,16.45,16.45,16.45,0
1751559000,16.45,16.45,16.45,16.45,0
1751559005,16.45,16.45,16.45,16.45,0
1751559010,16.45,16.45,16.45,16.45,0
1751559015,16.45,16.45,16.45,16.45,0
1751559020,16.45,16.45,16.45,16.45,0
1751559025,16.45,16.45,16.45,16.45,0
1751559030,16.45,16.45,16.45,16.45,0
1751559035,16.45,16.45,16.45,16.45,0
1751559040,16.45,16.45,16.45,16.45,0
1751559045,16.45,16.45,16.45,16.45,0
1751559050,16.45,16.45,16.45,16.45,0
1751559055,16.45,16.45,16.45,16.45,0
1751559060,16.45,16.45,16.45,16.45,0
1751559065,16.45,16.45,16.45,16.45,0
1751559070,16.45,16.45,16.45,16.45,0
1751559075,16.45,16.45,16.45,16.45,0
1751559080,16.45,16.45,16.45,16.45,0
1751559085,16.45,16.45,16.45,16.45,0
1751559090,16.46,16.46,16.46,16.46,0
1751559095,16.46,16.46,16.46,16.46,0
1751559100,16.46,16.46,16.46,16.46,0
1751559105,16.46,16.46,16.46,16.46,0
1751559110,16.46,16.46,16.46,16.46,0
1751559115,16.46,16.46,16.46,16.46,0
1751559120,16.46,16.46,16.46,16.46,0
1751559125,16.46,16.46,16.46,16.46,0
1751559130,16.46,16.46,16.46,16.46,0
1751559135,16.47,16.47,16.47,16.47,0
1751559140,16.47,16.47,16.47,16.47,0
1751559145,16.47,16.47,16.47,16.47,0
1751559150,16.47,16.47,16.47,16.47,0
1751559155,16.47,16.47,16.47,16.47,0
1751559160,16.47,16.47,16.47,16.47,0
1751559165,16.47,16.47,16.47,16.47,0
1751559170,16.47,16.47,16.47,16.47,0
1751559175,16.47,16.47,16.47,16.47,0
1751559180,16.47,16.47,16.47,16.47,0
1751559185,16.47,16.47,16.47,16.47,0
1751559190,16.47,16.47,16.47,16.47,0
1751559195,16.46,16.46,16.46,16.46,0
1751559200,16.46,16.46,16.46,16.46,0
1751559205,16.46,16.46,16.46,16.46,0
1751559210,16.46,16.46,16.46,16.46,0
1751559215,16.46,16.46,16.46,16.46,0
1751559220,16.46,16.46,16.46,16.46,0
1751559225,16.46,16.46,16.46,16.46,0
1751559230,16.46,16.46,16.46,16.46,0
1751559235,16.46,16.46,16.46,16.46,0
1751559240,16.46,16.46,16.46,16.46,0
1751559245,16.46,16.46,16.46,16.46,0
1751559250,16.46,16.46,16.46,16.46,0
1751559255,16.47,16.47,16.47,16.47,0
1751559260,16.47,16.47,16.47,16.47,0
1751559265,16.47,16.47,16.47,16.47,0
1751559270,16.47,16.47,16.47,16.47,0
1751559275,16.47,16.47,16.47,16.47,0
1751559280,16.47,16.47,16.47,16.47,0
1751559285,16.46,16.46,16.46,16.46,0
1751559290,16.46,16.46,16.46,16.46,0
1751559295,16.46,16.46,16.46,16.46,0
1751559300,16.47,16.47,16.47,16.47,0
1751559305,16.47,16.47,16.47,16.47,0
1751559310,16.47,16.47,16.47,16.47,0
1751559315,16.48,16.48,16.48,16.48,0
1751559320,16.48,16.48,16.48,16.48,0
1751559325,16.48,16.48,16.48,16.48,0
1751559330,16.48,16.48,16.48,16.48,0
1751559335,16.48,16.48,16.48,16.48,0
1751559340,16.48,16.48,16.48,16.48,0
1751559345,16.5,16.5,16.5,16.5,0
1751559350,16.5,16.5,16.5,16.5,0
1751559355,16.5,16.5,16.5,16.5,0
1751559360,16.5,16.5,16.5,16.5,0
1751559365,16.5,16.5,16.5,16.5,0
1751559370,16.5,16.5,16.5,16.5,0
1751559375,16.5,16.5,16.5,16.5,0
1751559380,16.5,16.5,16.5,16.5,0
1751559385,16.5,16.5,16.5,16.5,0
1751559390,16.5,16.5,16.5,16.5,0
1751559395,16.5,16.5,16.5,16.5,0
1751559400,16.5,16.5,16.5,16.5,0
1751559405,16.5,16.5,16.5,16.5,0
1751559410,16.5,16.5,16.5,16.5,0
1751559415,16.5,16.5,16.5,16.5,0
1751559420,16.51,16.51,16.51,16.51,0
1751559425,16.51,16.51,16.51,16.51,0
1751559430,16.51,16.51,16.51,16.51,0
1751559435,16.5,16.5,16.5,16.5,0
1751559440,16.5,16.5,16.5,16.5,0
1751559445,16.5,16.5,16.5,16.5,0
1751559450,16.5,16.5,16.5,16.5,0
1751559455,16.5,16.5,16.5,16.5,0
1751559460,16.5,16.5,16.5,16.5,0
1751559465,16.5,16.5,16.5,16.5,0
1751559470,16.5,16.5,16.5,16.5,0
1751559475,16.5,16.5,16.5,16.5,0
1751559480,16.51,16.51,16.51,16.51,0
1751559485,16.51,16.51,16.51,16.51,0
1751559490,16.51,16.51,16.51,16.51,0
1751559495,16.52,16.52,16.52,16.52,0
1751559500,16.52,16.52,16.52,16.52,0
1751559505,16.52,16.52,16.52,16.52,0
1751559510,16.51,16.51,16.51,16.51,0
1751559515,16.51,16.51,16.51,16.51,0
1751559520,16.51,16.51,16.51,16.51,0
1751559525,16.51,16.51,16.51,16.51,0
1751559530,16.51,16.51,16.51,16.51,0
1751559535,16.51,16.51,16.51,16.51,0
1751559540,16.51,16.51,16.51,16.51,0
1751559545,16.51,16.51,16.51,16.51,0
1751559550,16.51,16.51,16.51,16.51,0
1751559555,16.5,16.5,16.5,16.5,0
1751559560,16.5,16.5,16.5,16.5,0
1751559565,16.5,16.5,16.5,16.5,0
1751559570,16.51,16.51,16.51,16.51,0
1751559575,16.51,16.51,16.51,16.51,0
1751559580,16.51,16.51,16.51,16.51,0
1751559585,16.51,16.51,16.51,16.51,0
1751559590,16.51,16.51,16.51,16.51,0
1751559595,16.51,16.51,16.51,16.51,0
1751559600,16.5,16.5,16.5,16.5,0
1751559605,16.5,16.5,16.5,16.5,0
1751559610,16.5,16.5,16.5,16.5,0
1751559615,16.51,16.51,16.51,16.51,0
1751559620,16.51,16.51,16.51,16.51,0
1751559625,16.51,16.51,16.51,16.51,0
1751559630,16.51,16.51,16.51,16.51,0
1751559635,16.51,16.51,16.51,16.51,0
1751559640,16.51,16.51,16.51,16.51,0
1751559645,16.51,16.51,16.51,16.51,0
1751559650,16.51,16.51,16.51,16.51,0
1751559655,16.51,16.51,16.51,16.51,0
1751559660,16.51,16.51,16.51,16.51,0
1751559665,16.51,16.51,16.51,16.51,0
1751559670,16.51,16.51,16.51,16.51,0
1751559675,16.5,16.5,16.5,16.5,0
1751559680,16.5,16.5,16.5,16.5,0
1751559685,16.5,16.5,16.5,16.5,0
1751559690,16.51,16.51,16.51,16.51,0
1751559695,16.51,16.51,16.51,16.51,0
1751559700,16.51,16.51,16.51,16.51,0
1751559705,16.51,16.51,16.51,16.51,0
1751559710,16.51,16.51,16.51,16.51,0
1751559715,16.51,16.51,16.51,16.51,0
1751559720,16.51,16.51,16.51,16.51,0
1751559725,16.51,16.51,16.51,16.51,0
1751559730,16.51,16.51,16.51,16.51,0
1751559735,16.51,16.51,16.51,16.51,0
1751559740,16.51,16.51,16.51,16.51,0
1751559745,16.51,16.51,16.51,16.51,0
1751559750,16.51,16.51,16.51,16.51,0
1751559755,16.51,16.51,16.51,16.51,0
1751559760,16.51,16.51,16.51,16.51,0
1751559765,16.5,16.5,16.5,16.5,0
1751559770,16.5,16.5,16.5,16.5,0
1751559775,16.5,16.5,16.5,16.5,0
1751559780,16.51,16.51,16.51,16.51,0
1751559785,16.51,16.51,16.51,16.51,0
1751559790,16.51,16.51,16.51,16.51,0
1751559795,16.5,16.5,16.5,16.5,0
1751559800,16.5,16.5,16.5,16.5,0
1751559805,16.5,16.5,16.5,16.5,0
1751559810,16.52,16.52,16.52,16.52,0
1751559815,16.52,16.52,16.52,16.52,0
1751559820,16.52,16.52,16.52,16.52,0
1751559825,16.51,16.51,16.51,16.51,0
1751559830,16.51,16.51,16.51,16.51,0
1751559835,16.51,16.51,16.51,16.51,0
1751559840,16.51,16.51,16.51,16.51,0
1751559845,16.51,16.51,16.51,16.51,0
1751559850,16.51,16.51,16.51,16.51,0
1751559855,16.49,16.49,16.49,16.49,0
1751559860,16.49,16.49,16.49,16.49,0
1751559865,16.49,16.49,16.49,16.49,0
1751559870,16.5,16.5,16.5,16.5,0
1751559875,16.5,16.5,16.5,16.5,0
1751559880,16.5,16.5,16.5,16.5,0
1751559885,16.51,16.51,16.51,16.51,0
1751559890,16.51,16.51,16.51,16.51,0
1751559895,16.51,16.51,16.51,16.51,0
1751559900,16.51,16.51,16.51,16.51,0
1751559905,16.51,16.51,16.51,16.51,0
1751559910,16.51,16.51,16.51,16.51,0
1751559915,16.51,16.51,16.51,16.51,0
1751559920,16.51,16.51,16.51,16.51,0
1751559925,16.51,16.51,16.51,16.51,0
1751559930,16.52,16.52,16.52,16.52,0
1751559935,16.52,16.52,16.52,16.52,0
1751559940,16.52,16.52,16.52,16.52,0
1751559945,16.53,16.53,16.53,16.53,0
1751559950,16.53,16.53,16.53,16.53,0
1751559955,16.53,16.53,16.53,16.53,0
1751559960,16.52,16.52,16.52,16.52,0
1751559965,16.52,16.52,16.52,16.52,0
1751559970,16.52,16.52,16.52,16.52,0
1751559975,16.52,16.52,16.52,16.52,0
1751559980,16.52,16.52,16.52,16.52,0
1751559985,16.52,16.52,16.52,16.52,0
1751559990,16.52,16.52,16.52,16.52,0
1751559995,16.52,16.52,16.52,16.52,0
1751560000,16.52,16.52,16.52,16.52,0
1751560005,16.52,16.52,16.52,16.52,0
1751560010,16.52,16.52,16.52,16.52,0
1751560015,16.52,16.52,16.52,16.52,0
1751560020,16.52,16.52,16.52,16.52,0
1751560025,16.52,16.52,16.52,16.52,0
1751560030,16.52,16.52,16.52,16.52,0
1751560035,16.51,16.51,16.51,16.51,0
1751560040,16.51,16.51,16.51,16.51,0
1751560045,16.51,16.51,16.51,16.51,0
1751560050,16.5,16.5,16.5,16.5,0
1751560055,16.5,16.5,16.5,16.5,0
1751560060,16.5,16.5,16.5,16.5,0
1751560065,16.5,16.5,16.5,16.5,0
1751560070,16.5,16.5,16.5,16.5,0
1751560075,16.5,16.5,16.5,16.5,0
1751560080,16.51,16.51,16.51,16.51,0
1751560085,16.51,16.51,16.51,16.51,0
1751560090,16.51,16.51,16.51,16.51,0
1751560095,16.51,16.51,16.51,16.51,0
1751560100,16.51,16.51,16.51,16.51,0
1751560105,16.51,16.51,16.51,16.51,0
1751560110,16.51,16.51,16.51,16.51,0
1751560115,16.51,16.51,16.51,16.51,0
1751560120,16.51,16.51,16.51,16.51,0
1751560125,16.5,16.5,16.5,16.5,0
1751560130,16.5,16.5,16.5,16.5,0
1751560135,16.5,16.5,16.5,16.5,0
1751560140,16.5,16.5,16.5,16.5,0
1751560145,16.5,16.5,16.5,16.5,0
1751560150,16.5,16.5,16.5,16.5,0
1751560155,16.51,16.51,16.51,16.51,0
1751560160,16.51,16.51,16.51,16.51,0
1751560165,16.51,16.51,16.51,16.51,0
1751560170,16.51,16.51,16.51,16.51,0
1751560175,16.51,16.51,16.51,16.51,0
1751560180,16.51,16.51,16.51,16.51,0
1751560185,16.51,16.51,16.51,16.51,0
1751560190,16.51,16.51,16.51,16.51,0
1751560195,16.51,16.51,16.51,16.51,0
1751560200,16.5,16.5,16.5,16.5,0
1751560205,16.5,16.5,16.5,16.5,0
1751560210,16.5,16.5,16.5,16.5,0
1751560215,16.5,16.5,16.5,16.5,0
1751560220,16.5,16.5,16.5,16.5,0
1751560225,16.5,16.5,16.5,16.5,0
1751560230,16.5,16.5,16.5,16.5,0
1751560235,16.5,16.5,16.5,16.5,0
1751560240,16.5,16.5,16.5,16.5,0
1751560245,16.5,16.5,16.5,16.5,0
1751560250,16.5,16.5,16.5,16.5,0
1751560255,16.5,16.5,16.5,16.5,0
1751560260,16.49,16.49,16.49,16.49,0
1751560265,16.49,16.49,16.49,16.49,0
1751560270,16.49,16.49,16.49,16.49,0
1751560275,16.49,16.49,16.49,16.49,0
1751560280,16.49,16.49,16.49,16.49,0
1751560285,16.49,16.49,16.49,16.49,0
1751560290,16.49,16.49,16.49,16.49,0
1751560295,16.49,16.49,16.49,16.49,0
1751560300,16.49,16.49,16.49,16.49,0
1751560305,16.48,16.48,16.48,16.48,0
1751560310,16.48,16.48,16.48,16.48,0
1751560315,16.48,16.48,16.48,16.48,0
1751560320,16.47,16.47,16.47,16.47,0
1751560325,16.47,16.47,16.47,16.47,0
1751560330,16.47,16.47,16.47,16.47,0
1751560335,16.47,16.47,16.47,16.47,0
1751560340,16.47,16.47,16.47,16.47,0
1751560345,16.47,16.47,16.47,16.47,0
1751560350,16.47,16.47,16.47,16.47,0
1751560355,16.47,16.47,16.47,16.47,0
1751560360,16.47,16.47,16.47,16.47,0
1751560365,16.47,16.47,16.47,16.47,0
1751560370,16.47,16.47,16.47,16.47,0
1751560375,16.47,16.47,16.47,16.47,0
1751560380,16.48,16.48,16.48,16.48,0
1751560385,16.48,16.48,16.48,16.48,0
1751560390,16.48,16.48,16.48,16.48,0
1751560395,16.48,16.48,16.48,16.48,0
1751560400,16.48,16.48,16.48,16.48,0
1751560405,16.48,16.48,16.48,16.48,0
1751560410,16.47,16.47,16.47,16.47,0
1751560415,16.47,16.47,16.47,16.47,0
1751560420,16.47,16.47,16.47,16.47,0
1751560425,16.47,16.47,16.47,16.47,0
1751560430,16.47,16.47,16.47,16.47,0
1751560435,16.47,16.47,16.47,16.47,0
1751560440,16.49,16.49,16.49,16.49,0
1751560445,16.49,16.49,16.49,16.49,0
1751560450,16.49,16.49,16.49,16.49,0
1751560455,16.48,16.48,16.48,16.48,0
1751560460,16.48,16.48,16.48,16.48,0
1751560465,16.48,16.48,16.48,16.48,0
1751560470,16.49,16.49,16.49,16.49,0
1751560475,16.49,16.49,16.49,16.49,0
1751560480,16.49,16.49,16.49,16.49,0
1751560485,16.49,16.49,16.49,16.49,0
1751560490,16.49,16.49,16.49,16.49,0
1751560495,16.49,16.49,16.49,16.49,0
1751560500,16.48,16.48,16.48,16.48,0
1751560505,16.48,16.48,16.48,16.48,0
1751560510,16.48,16.48,16.48,16.48,0
1751560515,16.48,16.48,16.48,16.48,0
1751560520,16.48,16.48,16.48,16.48,0
1751560525,16.48,16.48,16.48,16.48,0
1751560530,16.48,16.48,16.48,16.48,0
1751560535,16.48,16.48,16.48,16.48,0
1751560540,16.48,16.48,16.48,16.48,0
1751560545,16.48,16.48,16.48,16.48,0
1751560550,16.48,16.48,16.48,16.48,0
1751560555,16.48,16.48,16.48,16.48,0
1751560560,16.47,16.47,16.47,16.47,0
1751560565,16.47,16.47,16.47,16.47,0
1751560570,16.47,16.47,16.47,16.47,0
1751560575,16.47,16.47,16.47,16.47,0
1751560580,16.47,16.47,16.47,16.47,0
1751560585,16.47,16.47,16.47,16.47,0
1751560590,16.48,16.48,16.48,16.48,0
1751560595,16.48,16.48,16.48,16.48,0
1751560600,16.48,16.48,16.48,16.48,0
1751560605,16.46,16.46,16.46,16.46,0
1751560610,16.46,16.46,16.46,16.46,0
1751560615,16.46,16.46,16.46,16.46,0
1751560620,16.46,16.46,16.46,16.46,0
1751560625,16.46,16.46,16.46,16.46,0
1751560630,16.46,16.46,16.46,16.46,0
1751560635,16.47,16.47,16.47,16.47,0
1751560640,16.47,16.47,16.47,16.47,0
1751560645,16.47,16.47,16.47,16.47,0
1751560650,16.48,16.48,16.48,16.48,0
1751560655,16.48,16.48,16.48,16.48,0
1751560660,16.48,16.48,16.48,16.48,0
1751560665,16.48,16.48,16.48,16.48,0
1751560670,16.48,16.48,16.48,16.48,0
1751560675,16.48,16.48,16.48,16.48,0
1751560680,16.48,16.48,16.48,16.48,0
1751560685,16.48,16.48,16.48,16.48,0
1751560690,16.48,16.48,16.48,16.48,0
1751560695,16.48,16.48,16.48,16.48,0
1751560700,16.48,16.48,16.48,16.48,0
1751560705,16.48,16.48,16.48,16.48,0
1751560710,16.48,16.48,16.48,16.48,0
1751560715,16.48,16.48,16.48,16.48,0
1751560720,16.48,16.48,16.48,16.48,0
1751560725,16.48,16.48,16.48,16.48,0
1751560730,16.48,16.48,16.48,16.48,0
1751560735,16.48,16.48,16.48,16.48,0
1751560740,16.48,16.48,16.48,16.48,0
1751560745,16.48,16.48,16.48,16.48,0
1751560750,16.48,16.48,16.48,16.48,0
1751560755,16.46,16.46,16.46,16.46,0
1751560760,16.46,16.46,16.46,16.46,0
1751560765,16.46,16.46,16.46,16.46,0
1751560770,16.47,16.47,16.47,16.47,0
1751560775,16.47,16.47,16.47,16.47,0
1751560780,16.47,16.47,16.47,16.47,0
1751560785,16.46,16.46,16.46,16.46,0
1751560790,16.46,16.46,16.46,16.46,0
1751560795,16.46,16.46,16.46,16.46,0
1751560800,16.44,16.44,16.44,16.44,0
1751560805,16.44,16.44,16.44,16.44,0
1751560810,16.44,16.44,16.44,16.44,0
1751560815,16.44,16.44,16.44,16.44,0
1751560820,16.44,16.44,16.44,16.44,0
1751560825,16.44,16.44,16.44,16.44,0
1751560830,16.44,16.44,16.44,16.44,0
1751560835,16.44,16.44,16.44,16.44,0
1751560840,16.44,16.44,16.44,16.44,0
1751560845,16.44,16.44,16.44,16.44,0
1751560850,16.44,16.44,16.44,16.44,0
1751560855,16.44,16.44,16.44,16.44,0
1751560860,16.42,16.42,16.42,16.42,0
1751560865,16.42,16.42,16.42,16.42,0
1751560870,16.42,16.42,16.42,16.42,0
1751560875,16.43,16.43,16.43,16.43,0
1751560880,16.43,16.43,16.43,16.43,0
1751560885,16.43,16.43,16.43,16.43,0
1751560890,16.43,16.43,16.43,16.43,0
1751560895,16.43,16.43,16.43,16.43,0
1751560900,16.43,16.43,16.43,16.43,0
1751560905,16.44,16.44,16.44,16.44,0
1751560910,16.44,16.44,16.44,16.44,0
1751560915,16.44,16.44,16.44,16.44,0
1751560920,16.45,16.45,16.45,16.45,0
1751560925,16.45,16.45,16.45,16.45,0
1751560930,16.45,16.45,16.45,16.45,0
1751560935,16.44,16.44,16.44,16.44,0
1751560940,16.44,16.44,16.44,16.44,0
1751560945,16.44,16.44,16.44,16.44,0
1751560950,16.45,16.45,16.45,16.45,0
1751560955,16.45,16.45,16.45,16.45,0
1751560960,16.45,16.45,16.45,16.45,0
1751560965,16.45,16.45,16.45,16.45,0
1751560970,16.45,16.45,16.45,16.45,0
1751560975,16.45,16.45,16.45,16.45,0
1751560980,16.47,16.47,16.47,16.47,0
1751560985,16.47,16.47,16.47,16.47,0
1751560990,16.47,16.47,16.47,16.47,0
1751560995,16.48,16.48,16.48,16.48,0
1751561000,16.48,16.48,16.48,16.48,0
1751561005,16.48,16.48,16.48,16.48,0
1751561010,16.47,16.47,16.47,16.47,0
1751561015,16.47,16.47,16.47,16.47,0
1751561020,16.47,16.47,16.47,16.47,0
1751561025,16.47,16.47,16.47,16.47,0
1751561030,16.47,16.47,16.47,16.47,0
1751561035,16.47,16.47,16.47,16.47,0
1751561040,16.47,16.47,16.47,16.47,0
1751561045,16.47,16.47,16.47,16.47,0
1751561050,16.47,16.47,16.47,16.47,0
1751561055,16.46,16.46,16.46,16.46,0
1751561060,16.46,16.46,16.46,16.46,0
1751561065,16.46,16.46,16.46,16.46,0
1751561070,16.46,16.46,16.46,16.46,0
1751561075,16.46,16.46,16.46,16.46,0
1751561080,16.46,16.46,16.46,16.46,0
1751561085,16.47,16.47,16.47,16.47,0
1751561090,16.47,16.47,16.47,16.47,0
1751561095,16.47,16.47,16.47,16.47,0
1751561100,16.46,16.46,16.46,16.46,0
1751561105,16.46,16.46,16.46,16.46,0
1751561110,16.46,16.46,16.46,16.46,0
1751561115,16.46,16.46,16.46,16.46,0
1751561120,16.46,16.46,16.46,16.46,0
1751561125,16.46,16.46,16.46,16.46,0
1751561130,16.46,16.46,16.46,16.46,0
1751561135,16.46,16.46,16.46,16.46,0
1751561140,16.46,16.46,16.46,16.46,0
1751561145,16.46,16.46,16.46,16.46,0
1751561150,16.46,16.46,16.46,16.46,0
1751561155,16.46,16.46,16.46,16.46,0
1751561160,16.43,16.43,16.43,16.43,0
1751561165,16.43,16.43,16.43,16.43,0
1751561170,16.43,16.43,16.43,16.43,0
1751561175,16.44,16.44,16.44,16.44,0
1751561180,16.44,16.44,16.44,16.44,0
1751561185,16.44,16.44,16.44,16.44,0
1751561190,16.45,16.45,16.45,16.45,0
1751561195,16.45,16.45,16.45,16.45,0
1751561200,16.45,16.45,16.45,16.45,0
1751561205,16.46,16.46,16.46,16.46,0
1751561210,16.46,16.46,16.46,16.46,0
1751561215,16.46,16.46,16.46,16.46,0
1751561220,16.47,16.47,16.47,16.47,0
1751561225,16.47,16.47,16.47,16.47,0
1751561230,16.47,16.47,16.47,16.47,0
1751561235,16.48,16.48,16.48,16.48,0
1751561240,16.48,16.48,16.48,16.48,0
1751561245,16.48,16.48,16.48,16.48,0
1751561250,16.48,16.48,16.48,16.48,0
1751561255,16.48,16.48,16.48,16.48,0
1751561260,16.48,16.48,16.48,16.48,0
1751561265,16.48,16.48,16.48,16.48,0
1751561270,16.48,16.48,16.48,16.48,0
1751561275,16.48,16.48,16.48,16.48,0
1751561280,16.49,16.49,16.49,16.49,0
1751561285,16.49,16.49,16.49,16.49,0
1751561290,16.49,16.49,16.49,16.49,0
1751561295,16.5,16.5,16.5,16.5,0
1751561300,16.5,16.5,16.5,16.5,0
1751561305,16.5,16.5,16.5,16.5,0
1751561310,16.49,16.49,16.49,16.49,0
1751561315,16.49,16.49,16.49,16.49,0
1751561320,16.49,16.49,16.49,16.49,0
1751561325,16.49,16.49,16.49,16.49,0
1751561330,16.49,16.49,16.49,16.49,0
1751561335,16.49,16.49,16.49,16.49,0
1751561340,16.51,16.51,16.51,16.51,0
1751561345,16.51,16.51,16.51,16.51,0
1751561350,16.51,16.51,16.51,16.51,0
1751561355,16.51,16.51,16.51,16.51,0
1751561360,16.51,16.51,16.51,16.51,0
1751561365,16.51,16.51,16.51,16.51,0
1751561370,16.51,16.51,16.51,16.51,0
1751561375,16.51,16.51,16.51,16.51,0
1751561380,16.51,16.51,16.51,16.51,0
1751561385,16.51,16.51,16.51,16.51,0
1751561390,16.51,16.51,16.51,16.51,0
1751561395,16.51,16.51,16.51,16.51,0
1751561400,16.51,16.51,16.51,16.51,0
1751561405,16.51,16.51,16.51,16.51,0
1751561410,16.51,16.51,16.51,16.51,0
1751561415,16.47,16.47,16.47,16.47,0
1751561420,16.47,16.47,16.47,16.47,0
1751561425,16.47,16.47,16.47,16.47,0
1751561430,16.47,16.47,16.47,16.47,0
1751561435,16.47,16.47,16.47,16.47,0
1751561440,16.47,16.47,16.47,16.47,0
1751561445,16.47,16.47,16.47,16.47,0
1751561450,16.47,16.47,16.47,16.47,0
1751561455,16.47,16.47,16.47,16.47,0
1751561460,16.46,16.46,16.46,16.46,0
1751561465,16.46,16.46,16.46,16.46,0
1751561470,16.46,16.46,16.46,16.46,0
1751561475,16.47,16.47,16.47,16.47,0
1751561480,16.47,16.47,16.47,16.47,0
1751561485,16.47,16.47,16.47,16.47,0
1751561490,16.46,16.46,16.46,16.46,0
1751561495,16.46,16.46,16.46,16.46,0
1751561500,16.46,16.46,16.46,16.46,0
1751561505,16.46,16.46,16.46,16.46,0
1751561510,16.46,16.46,16.46,16.46,0
1751561515,16.46,16.46,16.46,16.46,0
1751561520,16.48,16.48,16.48,16.48,0
1751561525,16.48,16.48,16.48,16.48,0
1751561530,16.48,16.48,16.48,16.48,0
1751561535,16.49,16.49,16.49,16.49,0
1751561540,16.49,16.49,16.49,16.49,0
1751561545,16.49,16.49,16.49,16.49,0
1751561550,16.52,16.52,16.52,16.52,0
1751561555,16.52,16.52,16.52,16.52,0
1751561560,16.52,16.52,16.52,16.52,0
1751561565,16.51,16.51,16.51,16.51,0
1751561570,16.51,16.51,16.51,16.51,0
1751561575,16.51,16.51,16.51,16.51,0
1751561580,16.51,16.51,16.51,16.51,0
1751561585,16.51,16.51,16.51,16.51,0
1751561590,16.51,16.51,16.51,16.51,0
1751561595,16.57,16.57,16.57,16.57,0
1751561600,16.57,16.57,16.57,16.57,0
1751561605,16.57,16.57,16.57,16.57,0
1751561610,16.55,16.55,16.55,16.55,0
1751561615,16.55,16.55,16.55,16.55,0
1751561620,16.55,16.55,16.55,16.55,0
1751561625,16.55,16.55,16.55,16.55,0
1751561630,16.55,16.55,16.55,16.55,0
1751561635,16.55,16.55,16.55,16.55,0
1751561640,16.54,16.54,16.54,16.54,0
1751561645,16.54,16.54,16.54,16.54,0
1751561650,16.54,16.54,16.54,16.54,0
1751561655,16.53,16.53,16.53,16.53,0
1751561660,16.53,16.53,16.53,16.53,0
1751561665,16.53,16.53,16.53,16.53,0
1751561670,16.51,16.51,16.51,16.51,0
1751561675,16.51,16.51,16.51,16.51,0
1751561680,16.51,16.51,16.51,16.51,0
1751561685,16.5,16.5,16.5,16.5,0
1751561690,16.5,16.5,16.5,16.5,0
1751561695,16.5,16.5,16.5,16.5,0
1751561700,16.51,16.51,16.51,16.51,0
1751561705,16.51,16.51,16.51,16.51,0
1751561710,16.51,16.51,16.51,16.51,0
1751561715,16.49,16.49,16.49,16.49,0
1751561720,16.49,16.49,16.49,16.49,0
1751561725,16.49,16.49,16.49,16.49,0
1751561730,16.51,16.51,16.51,16.51,0
1751561735,16.51,16.51,16.51,16.51,0
1751561740,16.51,16.51,16.51,16.51,0
1751561745,16.49,16.49,16.49,16.49,0
1751561750,16.49,16.49,16.49,16.49,0
1751561755,16.49,16.49,16.49,16.49,0
1751561760,16.49,16.49,16.49,16.49,0
1751561765,16.49,16.49,16.49,16.49,0
1751561770,16.49,16.49,16.49,16.49,0
1751561775,16.5,16.5,16.5,16.5,0
1751561780,16.5,16.5,16.5,16.5,0
1751561785,16.5,16.5,16.5,16.5,0
1751561790,16.5,16.5,16.5,16.5,0
1751561795,16.5,16.5,16.5,16.5,0
1751561800,16.5,16.5,16.5,16.5,0
1751561805,16.48,16.48,16.48,16.48,0
1751561810,16.48,16.48,16.48,16.48,0
1751561815,16.48,16.48,16.48,16.48,0
1751561820,16.48,16.48,16.48,16.48,0
1751561825,16.48,16.48,16.48,16.48,0
1751561830,16.48,16.48,16.48,16.48,0
1751561835,16.47,16.47,16.47,16.47,0
1751561840,16.47,16.47,16.47,16.47,0
1751561845,16.47,16.47,16.47,16.47,0
1751561850,16.49,16.49,16.49,16.49,0
1751561855,16.49,16.49,16.49,16.49,0
1751561860,16.49,16.49,16.49,16.49,0
1751561865,16.48,16.48,16.48,16.48,0
1751561870,16.48,16.48,16.48,16.48,0
1751561875,16.48,16.48,16.48,16.48,0
1751561880,16.46,16.46,16.46,16.46,0
1751561885,16.46,16.46,16.46,16.46,0
1751561890,16.46,16.46,16.46,16.46,0
1751561895,16.45,16.45,16.45,16.45,0
1751561900,16.45,16.45,16.45,16.45,0
1751561905,16.45,16.45,16.45,16.45,0
1751561910,16.44,16.44,16.44,16.44,0
1751561915,16.44,16.44,16.44,16.44,0
1751561920,16.44,16.44,16.44,16.44,0
1751561925,16.44,16.44,16.44,16.44,0
1751561930,16.44,16.44,16.44,16.44,0
1751561935,16.44,16.44,16.44,16.44,0
1751561940,16.44,16.44,16.44,16.44,0
1751561945,16.44,16.44,16.44,16.44,0
1751561950,16.44,16.44,16.44,16.44,0
1751561955,16.44,16.44,16.44,16.44,0
1751561960,16.44,16.44,16.44,16.44,0
1751561965,16.44,16.44,16.44,16.44,0
1751561970,16.44,16.44,16.44,16.44,0
1751561975,16.44,16.44,16.44,16.44,0
1751561980,16.44,16.44,16.44,16.44,0
1751561985,16.42,16.42,16.42,16.42,0
1751561990,16.42,16.42,16.42,16.42,0
1751561995,16.42,16.42,16.42,16.42,0
